#! FIELDS time rct DeltaF_300 DeltaF_600
#! SET print_stride  100
                    100                      0  8.653975976238964e-18      10.45406902958147
                    200    -0.1908812504595971  8.653975976238964e-18      9.737057412502537
                    300    -0.1711165947665718  8.653975976238964e-18      9.575883666157559
                    400    0.01251519941990193  8.653975976238964e-18      9.908830106774406
                    500     0.0460924609068102  8.653975976238964e-18      10.00742309720019
                    600    0.02772527299745836  8.653975976238964e-18      9.989223110783662
                    700    0.08153925035508371  8.653975976238964e-18      10.11771952786688
                    800    0.06645755173533925  8.653975976238964e-18      10.11037033109442
                    900    0.07413016850735055  8.653975976238964e-18      10.14178297268367
                   1000    0.01530121359680914  8.653975976238964e-18      10.03590614485226
                   1100    0.02112405073173819  8.653975976238964e-18      10.05269290265077
                   1200    0.02171927655149109  8.653975976238964e-18      10.05643789184055
                   1300     0.0515294047453935  8.653975976238964e-18      10.12437787845269
                   1400    0.02813179845910509  8.653975976238964e-18      10.08307609609475
                   1500    0.01433336264631593  8.653975976238964e-18      10.05820438176733
                   1600   -0.01312702441855015  8.653975976238964e-18      10.00431480671476
                   1700   -0.01014463179336534  8.653975976238964e-18      10.00805204191463
                   1800   -0.01152636459391018  8.653975976238964e-18      10.00410642172607
                   1900  -0.006052493698681651  8.653975976238964e-18      10.01371038597307
                   2000   0.005533411037513924  8.653975976238964e-18      10.03690401286764
                   2100    0.02915482676539148  8.653975976238964e-18      10.08635267225297
                   2200    0.04677871418444627  8.653975976238964e-18      10.12584171168339
                   2300    0.05186474064013284  8.653975976238964e-18      10.13970937159783
                   2400    0.07682478296346476  8.653975976238964e-18      10.19532925626943
                   2500    0.07921008092074461  8.653975976238964e-18      10.20658625425789
                   2600    0.08574902177208554  8.653975976238964e-18      10.22618337134001
                   2700    0.09645837818285839  8.653975976238964e-18      10.25443488510425
                   2800    0.09072373026065379  8.653975976238964e-18       10.2500040194554
                   2900    0.08013061856627458  8.653975976238964e-18      10.23512575421743
                   3000    0.07742179841921207  8.653975976238964e-18      10.23519643467067
                   3100    0.08534254602966794  8.653975976238964e-18       10.2561690832991
                   3200     0.0852987122772826  8.653975976238964e-18      10.26152909871585
                   3300    0.06116215464721247  8.653975976238964e-18      10.21767600497267
                   3400    0.06322949168424333  8.653975976238964e-18      10.22565056615156
                   3500    0.05717374726928557  8.653975976238964e-18      10.21699059562029
                   3600      0.060614232357904  8.653975976238964e-18      10.22723143797608
                   3700    0.06294600624251516  8.653975976238964e-18      10.23528596088624
                   3800    0.06469806370183506  8.653975976238964e-18      10.24229253839871
                   3900    0.05373496255314288  8.653975976238964e-18      10.22352436116609
                   4000     0.0498058015004549  8.653975976238964e-18      10.21826216415664
                   4100     0.0501349302820728  8.653975976238964e-18      10.22130531372052
                   4200    0.05749488097742805  8.653975976238964e-18      10.23842464582782
                   4300    0.03639270605115782  8.653975976238964e-18      10.19864038407137
                   4400    0.03631247268306011  8.653975976238964e-18      10.20016802831628
                   4500    0.02639282828470714  8.653975976238964e-18      10.18186130558512
                   4600    0.02399436257799305  8.653975976238964e-18      10.17813607357557
                   4700    0.02034747532365432  8.653975976238964e-18      10.17191994538548
                   4800   0.009233533929428186  8.653975976238964e-18      10.15033802617297
                   4900  -0.005245902469771422  8.653975976238964e-18      10.12146153100054
                   5000  -0.004142808171333303  8.653975976238964e-18      10.12354995715511
                   5100  -0.002592644004543406  8.653975976238964e-18      10.12633985663282
                   5200   0.003727333190015756  8.653975976238964e-18      10.13904031748358
                   5300   0.002743294451700418  8.653975976238964e-18      10.13714424935138
                   5400  0.0008853582543613195  8.653975976238964e-18       10.1336016680395
                   5500   0.001702941698185544  8.653975976238964e-18      10.13530666737844
                   5600  0.0007533488074168076  8.653975976238964e-18       10.1334356505156
                   5700   -0.02404028458470809  8.653975976238964e-18      10.08344227869084
                   5800    -0.0438043107407373  8.653975976238964e-18      10.04265008751321
                   5900    -0.0552313746424286  8.653975976238964e-18      10.01804884008316
                   6000   -0.07332718221470477  8.653975976238964e-18      9.979539173980376
                   6100   -0.07163273514833741  8.653975976238964e-18      9.980444411665619
                   6200   -0.07015164085821454  8.653975976238964e-18      9.981049692513169
                   6300    -0.0675084450808411  8.653975976238964e-18      9.984048815728759
                   6400    -0.0700761284658728  8.653975976238964e-18      9.976693969540182
                   6500   -0.07170287839994834  8.653975976238964e-18      9.971166908221509
                   6600   -0.06977069385959479  8.653975976238964e-18      9.972810574873101
                   6700    -0.0632364478380382  8.653975976238964e-18      9.983784538727656
                   6800    -0.0560138446973748  8.653975976238964e-18      9.996408590329885
                   6900   -0.05663005367533646  8.653975976238964e-18      9.993448261568318
                   7000   -0.04493222522635869  8.653975976238964e-18      10.01533585342712
                   7100   -0.04946463229803023  8.653975976238964e-18      10.00492494239485
                   7200    -0.0449546750862121  8.653975976238964e-18      10.01257467414277
                   7300   -0.04313936835368381  8.653975976238964e-18      10.01494030100725
                   7400   -0.03949122203122712  8.653975976238964e-18      10.02111334480499
                   7500   -0.02892854062998841  8.653975976238964e-18      10.04136829111634
                   7600    -0.0222675168137322  8.653975976238964e-18      10.05401440474066
                   7700   -0.02396945017141137  8.653975976238964e-18      10.05000810800158
                   7800   -0.01857692232976019  8.653975976238964e-18      10.06026996157322
                   7900   -0.01519296874387931  8.653975976238964e-18      10.06658805562446
                   8000   -0.01192515815193349  8.653975976238964e-18      10.07277704348908
                   8100  -0.009713732835324163  8.653975976238964e-18      10.07695288055887
                   8200  -0.008702646693343145  8.653975976238964e-18       10.0787326514734
                   8300  -0.007090295254977628  8.653975976238964e-18      10.08178945509771
                   8400  -0.009010816394043315  8.653975976238964e-18      10.07772206734568
                   8500  -0.001867055403334862  8.653975976238964e-18      10.09190926491156
                   8600    0.00334278299253343  8.653975976238964e-18      10.10233045053375
                   8700   0.005135502846778541  8.653975976238964e-18      10.10604024226898
                   8800   0.006099354255776162  8.653975976238964e-18      10.10808413593937
                   8900    0.00772366080069712  8.653975976238964e-18      10.11146610927434
                   9000    0.00620467545898486  8.653975976238964e-18      10.10858367907055
                   9100   0.006927572511827338  8.653975976238964e-18      10.11018691006417
                   9200   0.006184922623240612  8.653975976238964e-18      10.10885510964247
                   9300   0.006519470309281893  8.653975976238964e-18      10.10964220968575
                   9400   0.009921087933538866  8.599765867614689e-18      10.11662042498178
                   9500   0.004543919245172344  8.599765867614689e-18      10.10603310800497
                   9600   0.008240886657217596  8.599765867614689e-18      10.11357224343698
                   9700   0.008742481668269284  8.599765867614689e-18      10.11475799534844
                   9800   0.008806385358898714  8.599765867614689e-18      10.11508337439567
                   9900     0.0102826578446686  8.599765867614689e-18      10.11822627547742
                  10000     0.0146950783634754  8.599765867614689e-18      10.12729640316265
                  10100    0.01147038079310181  8.599765867614689e-18      10.12109725816039
                  10200    0.01608394782335729  8.599765867614689e-18      10.13061130509863
                  10300     0.0112063444138234  8.599765867614689e-18      10.12112981607166
                  10400    0.01568646936290082  8.599765867614689e-18      10.13035308104805
                  10500    0.01658582317454376  8.599765867614689e-18      10.13245439914954
                  10600     0.0151500652701808  8.599765867614689e-18      10.12988821006511
                  10700    0.01385439895391459  8.599765867614689e-18      10.12758805376129
                  10800     0.0154718813961012  8.599765867614689e-18      10.13109787918154
                  10900    0.01892744074082526  8.599765867614689e-18      10.13834629681951
                  11000    0.02046745881540265  8.599765867614689e-18      10.14178948389102
                  11100    0.01995239843778286  8.599765867614689e-18      10.14112569705758
                  11200    0.01751462037627584  8.599765867614689e-18      10.13658941534253
                  11300    0.02076743863780615  8.599765867614689e-18      10.14344857062815
                  11400     0.0177903310458019  8.599765867614689e-18      10.13785560901436
                  11500    0.01873538166532824  8.599765867614689e-18       10.1400842276274
                  11600    0.01642570286335593  8.599765867614689e-18      10.13576745155105
                  11700    0.01800218833575094  8.599765867614689e-18      10.13922701105464
                  11800    0.01982974390901354  8.599765867614689e-18      10.14320016450184
                  11900    0.01809167040710911  8.599765867614689e-18      10.14004885128434
                  12000     0.0208957472999374  8.599765867614689e-18      10.14598789160158
                  12100    0.01956560431804794  8.599765867614689e-18      10.14366843230854
                  12200    0.02465323589139691  8.599765867614689e-18      10.15421681688086
                  12300     0.0235514047674125  8.599765867614689e-18      10.15241758566657
                  12400    0.02696272255852952  8.599765867614689e-18      10.15965666959024
                  12500    0.02320876537543553  8.599765867614689e-18      10.15254270840989
                  12600    0.02601241824761624  8.599765867614689e-18       10.1585550948611
                  12700    0.02905695533300089  8.599765867614689e-18      10.16506449825347
                  12800    0.02882210430097122  8.599765867614689e-18       10.1650637602555
                  12900    0.03344395336994587  8.599765867614689e-18      10.17478355952471
                  13000    0.03418160388381275  8.599765867614689e-18      10.17677605487612
                  13100    0.03077857194110617  8.599765867614689e-18      10.17049159518426
                  13200    0.02999685016595802  8.599765867614689e-18      10.16938511252541
                  13300    0.03315331639065114  8.599765867614689e-18      10.17618377903329
                  13400    0.03514987264601652  8.599765867614689e-18      10.18069734920358
                  13500    0.03580121641210886  8.599765867614689e-18      10.18252757643605
                  13600    0.03414661998241757  8.599765867614689e-18      10.17974611416142
                  13700    0.03566065331929718  8.599765867614689e-18      10.18327303487293
                  13800    0.03722132704923441  8.599765867614689e-18      10.18693656374457
                  13900    0.03714194265797503  8.599765867614689e-18      10.18732087456609
                  14000    0.03986421388511234  8.599765867614689e-18      10.19334027953425
                  14100     0.0347198620380352  8.599765867614689e-18      10.18357922431771
                  14200    0.03650229217003812  8.599765867614689e-18      10.18763662288628
                  14300    0.03505806709733579  8.599765867614689e-18      10.18526364241134
                  14400    0.03771557183386365  8.599765867614689e-18      10.19108258510363
                  14500    0.03958927159772978  8.599765867614689e-18      10.19535762226252
                  14600    0.03898491744989381  8.599765867614689e-18      10.19470514223324
                  14700    0.03733270934458299  8.599765867614689e-18       10.1919321942622
                  14800    0.03962506239909844  8.599765867614689e-18      10.19704463991873
                  14900    0.04291284232871734  8.599765867614689e-18      10.20418467639497
                  15000    0.04074527061869597  8.599765867614689e-18      10.20041124041627
                  15100    0.04086760366944182  8.599765867614689e-18      10.20118782494142
                  15200    0.04004716108400309  8.599765867614689e-18      10.20007423688756
                  15300     0.0414095357071695  8.599765867614689e-18      10.20333806189451
                  15400     0.0446442906967742  8.599765867614689e-18      10.21036968116334
                  15500     0.0460685008647818  8.599765867614689e-18      10.21380812180136
                  15600     0.0483803932907287  8.599765867614689e-18      10.21903074607625
                  15700    0.04751476002762461  8.599765867614689e-18       10.2179036777572
                  15800     0.0462359242851345  8.599765867614689e-18       10.2159405326372
                  15900    0.04677703186104834  8.599765867614689e-18      10.21761565886345
                  16000     0.0486028522268881  8.599765867614689e-18      10.22186240576924
                  16100    0.04492673467389711  8.599765867614689e-18      10.21509149004173
                  16200    0.04679001872382729  8.599765867614689e-18      10.21938056457442
                  16300    0.04415196635519415  8.599765867614689e-18      10.21465556747282
                  16400    0.04372449535711966  8.599765867614689e-18      10.21432786338045
                  16500    0.04272251046591043  8.599765867614689e-18      10.21285844248897
                  16600    0.04120422987310626  8.599765867614689e-18      10.21033104126566
                  16700    0.03767682626845283  8.599765867614689e-18      10.20376100317913
                  16800    0.03202340801539985  8.599765867614689e-18      10.19286537719196
                  16900    0.03020794415458925  8.599765867614689e-18      10.18961284466394
                  17000    0.02781533297419702  8.599765867614689e-18      10.18516729280606
                  17100    0.02750490057548246  8.599765867614689e-18      10.18487801412364
                  17200    0.02471920587879303  8.599765867614689e-18      10.17961092608138
                  17300    0.02657695904882525  8.599765867614689e-18      10.18362723922368
                  17400    0.02453704875774408  8.599765867614689e-18      10.17985046503084
                  17500    0.02488227881665635  8.599765867614689e-18      10.18082268396595
                  17600     0.0272537319199556  8.599765867614689e-18      10.18586412195485
                  17700    0.02513797702625213  8.599765867614689e-18      10.18192979493553
                  17800    0.02656497917028998  8.599765867614689e-18      10.18507660463951
                  17900    0.02846077138476616  8.599765867614689e-18      10.18918131214288
                  18000    0.02958582355957638  8.599765867614689e-18      10.19175340026896
                  18100    0.02870161936643628  8.599765867614689e-18      10.19030801372912
                  18200    0.02893950287739047  8.599765867614689e-18      10.19110180771033
                  18300    0.02939025158187659  8.599765867614689e-18      10.19232264029623
                  18400    0.02852980678031294  8.599765867614689e-18      10.19092365511944
                  18500    0.03046892873409743  8.599765867614689e-18      10.19512234457811
                  18600    0.03126208921238474  8.599765867614689e-18      10.19704562525778
                  18700    0.03038791962725184  8.599765867614689e-18      10.19562822474462
                  18800    0.03317240310679811  8.599765867614689e-18       10.2015398606582
                  18900    0.03297979670014378  8.599765867614689e-18      10.20149992184854
                  19000    0.03341880783094525  8.599765867614689e-18      10.20272843219962
                  19100     0.0335112074692612  8.599765867614689e-18      10.20326549671799
                  19200    0.03124396229296423  8.599765867614689e-18      10.19907459187847
                  19300    0.03180898356852391  8.599765867614689e-18      10.20052907104347
                  19400    0.03037045916954098  8.599765867614689e-18      10.19797392720115
                  19500    0.03173093679516385  8.599765867614689e-18      10.20100981892258
                  19600    0.03316123108682307  8.599765867614689e-18      10.20420037935892
                  19700    0.03239839015360433  8.599765867614689e-18      10.20301287325382
                  19800    0.03044868678186088  8.599765867614689e-18      10.19943314009403
                  19900    0.03091195615463889  8.599765867614689e-18      10.20066986885365
                  20000    0.03010352232116094  8.599765867614689e-18      10.19935441118828
                  20100    0.02795169743593931  8.599765867614689e-18      10.19534587689281
                  20200    0.02744311062675211  8.599765867614689e-18      10.19459704799613
                  20300    0.02705733132987133  8.599765867614689e-18      10.19410116923181
                  20400    0.02624783079103879  8.599765867614689e-18        10.192736863684
                  20500    0.02554744016625607  8.599765867614689e-18      10.19158645117241
                  20600    0.02503220653965891  8.599765867614689e-18      10.19080648476785
                  20700    0.02588957245943984  8.599765867614689e-18      10.19276577171454
                  20800    0.02630627659895523  8.599765867614689e-18      10.19384788418716
                  20900    0.02722954393521709  8.599765867614689e-18      10.19595090017167
                  21000    0.02718414855594562  8.599765867614689e-18      10.19612012551959
                  21100    0.02625830600271077  8.599765867614689e-18       10.1945212554463
                  21200     0.0265395270714326  8.599765867614689e-18      10.19533798435807
                  21300    0.02680306985155858  8.599765867614689e-18       10.1961210102556
                  21400    0.02577457696650561  8.599765867614689e-18      10.19431350741663
                  21500    0.02527900528458228  8.599765867614689e-18       10.1935659353949
                  21600    0.02704978427137935  8.599765867614689e-18      10.19735350628945
                  21700    0.02543983617735118  8.599765867614689e-18      10.19437596607817
                  21800    0.02638237633722269  8.599765867614689e-18      10.19650043267446
                  21900    0.02693321165795773  8.599765867614689e-18      10.19784513467758
                  22000    0.02494118041927374  8.599765867614689e-18      10.19409335067739
                  22100     0.0274083518933075  8.599765867614689e-18      10.19926696918034
                  22200    0.02771166323612881  8.599765867614689e-18      10.20012382908344
                  22300    0.02806559507523075  8.599765867614689e-18      10.20108038894292
                  22400    0.02905322342584773  8.599765867614689e-18      10.20331496417195
                  22500    0.02966409300637946  8.599765867614689e-18      10.20479834130529
                  22600    0.02929377360496587  8.599765867614689e-18      10.20431775671548
                  22700    0.02953101186901384  8.599765867614689e-18      10.20504976195404
                  22800    0.02824352731337397  8.599765867614689e-18      10.20272863944948
                  22900    0.02821324927360178  8.599765867614689e-18      10.20292062735917
                  23000    0.02725926361558611  8.599765867614689e-18      10.20124905498053
                  23100    0.02732136721058762  8.599765867614689e-18      10.20161134984038
                  23200    0.02653052504379733  8.599765867614689e-18      10.20026475287377
                  23300     0.0282000891115224  8.599765867614689e-18      10.20384040180578
                  23400    0.02897966904497557  8.599765867614689e-18      10.20564244136526
                  23500    0.02832098714774377  8.599765867614689e-18       10.2045653792097
                  23600    0.02695515282968676  8.599765867614689e-18       10.2020691696631
                  23700    0.02834070361995554  8.599765867614689e-18      10.20507297585784
                  23800      0.027512150741819  8.599765867614689e-18      10.20365380741561
                  23900    0.02734095651489267  8.599765867614689e-18      10.20354092039977
                  24000    0.02928453221188281  8.599765867614689e-18      10.20766439682791
                  24100    0.03108548760995207  8.599765867614689e-18       10.2115166807498
                  24200    0.03318905171309171  8.599765867614689e-18      10.21598480481449
                  24300    0.03323772085338165  8.599765867614689e-18      10.21635507569679
                  24400    0.03261200512059313  8.599765867614689e-18      10.21537377215268
                  24500    0.03433349651363487  8.599765867614689e-18      10.21908554551399
                  24600    0.03373120817229069  8.599765867614689e-18      10.21815556974753
                  24700    0.03226540990349359  8.599765867614689e-18      10.21548934955443
                  24800    0.03009736632370984  8.599765867614689e-18      10.21140773248847
                  24900    0.03074054381712171  8.599765867614689e-18      10.21293991440785
                  25000    0.03055596578654321  8.599765867614689e-18      10.21281478707052
                  25100     0.0310550063471546  8.599765867614689e-18      10.21405756961243
                  25200    0.03188796568437793  8.599765867614689e-18      10.21597839446765
                  25300    0.03192731479106389  8.599765867614689e-18       10.2163080990878
                  25400    0.03209119011978008  8.599765867614689e-18      10.21688751458917
                  25500     0.0322278369781873  8.599765867614689e-18      10.21740848864676
                  25600    0.03247575176472004  8.599765867614689e-18      10.21815850184337
                  25700    0.03198098227837363  8.599765867614689e-18      10.21742250076252
                  25800    0.03219874352213517  8.599765867614689e-18      10.21811055505915
                  25900    0.03233807335332853  8.599765867614689e-18      10.21863601555203
                  26000     0.0327725622538693  8.599765867614689e-18       10.2197547183335
                  26100    0.03341294560624744  8.599765867614689e-18      10.22128972462326
                  26200    0.03130430849851865  8.599765867614689e-18      10.21732173054106
                  26300    0.02637172093241343  8.599765867614689e-18      10.20767669030788
                  26400    0.02347831027768541   8.58621334045862e-18      10.20208443140241
                  26500    0.02343619359493447   8.58621334045862e-18      10.20217731833417
                  26600    0.02280497852960063   8.58621334045862e-18      10.20108661029917
                  26700    0.02201758597560086   8.58621334045862e-18      10.19968470892919
                  26800      0.022754378901844   8.58621334045862e-18      10.20132432239845
                  26900    0.02401779480551441   8.58621334045862e-18      10.20402358849611
                  27000    0.02488868660537578   8.58621334045862e-18      10.20594645409658
                  27100    0.02354744196166994   8.58621334045862e-18      10.20344220262756
                  27200    0.02186798500099575   8.58621334045862e-18       10.2002501931598
                  27300    0.02205165703192175   8.58621334045862e-18      10.20077956538834
                  27400    0.02156680600397068   8.58621334045862e-18      10.19997005136411
                  27500    0.02013048507816901   8.58621334045862e-18      10.19725127348791
                  27600    0.01847628542708602   8.58621334045862e-18      10.19408140128105
                  27700    0.01929251267068193   8.58621334045862e-18       10.1958508436718
                  27800    0.01874073354187264   8.58621334045862e-18      10.19488280156577
                  27900    0.01933557348220532  8.572660813302551e-18      10.19621091849136
                  28000    0.01808357316408927  8.572660813302551e-18      10.19384136224746
                  28100    0.01857478744418389  8.572660813302551e-18      10.19495377716717
                  28200    0.01771038722406893  8.572660813302551e-18       10.1933529320596
                  28300    0.01811256910579409  8.572660813302551e-18      10.19428565479868
                  28400    0.01853184100308019  8.572660813302551e-18      10.19525336203838
                  28500    0.01760525437579912  8.572660813302551e-18      10.19352703117642
                  28600    0.01699390109011263  8.572660813302551e-18      10.19242745725347
                  28700    0.01629685962483168  8.572660813302551e-18      10.19115082926941
                  28800    0.01536396083682494  8.572660813302551e-18      10.18939591597554
                  28900    0.01531182457118989  8.572660813302551e-18      10.18939745965279
                  29000    0.01484461382178928  8.572660813302551e-18      10.18856788563668
                  29100    0.01583395012736722  8.572660813302551e-18      10.19065389699417
                  29200    0.01624550727415969  8.572660813302551e-18      10.19158515458621
                  29300    0.01607856491733449  8.572660813302551e-18       10.1913619014356
                  29400    0.01713858869956963  8.572660813302551e-18      10.19359620461251
                  29500    0.01589210510064092  8.572660813302551e-18      10.19121883021842
                  29600     0.0150928375848679  8.572660813302551e-18      10.18972514940735
                  29700    0.01504293512088086  8.572660813302551e-18      10.18972608559065
                  29800    0.01539703163747763  8.572660813302551e-18      10.19053733022237
                  29900    0.01612990771188535  8.572660813302551e-18      10.19210668049669
                  30000     0.0170891332495414  8.572660813302551e-18      10.19413270639893
                  30100    0.01665564426023492  8.572660813302551e-18      10.19338060023952
                  30200    0.01636347828595426  8.572660813302551e-18      10.19290668909395
                  30300    0.01593715118726605  8.572660813302551e-18      10.19216270898446
                  30400    0.01592753912468167  8.572660813302551e-18      10.19224984661223
                  30500    0.01509680068349115  8.572660813302551e-18      10.19068672263119
                  30600    0.01503578675163328  8.572660813302551e-18      10.19066354160564
                  30700    0.01583712114342973  8.572660813302551e-18      10.19236321026739
                  30800     0.0172361678744103  8.572660813302551e-18      10.19526755653052
                  30900    0.01662244099531514  8.572660813302551e-18      10.19415010934437
                  31000    0.01664296307497171  8.572660813302551e-18      10.19429739647022
                  31100    0.01637088086107208  8.572660813302551e-18      10.19385708643608
                  31200     0.0169298254063642  8.572660813302551e-18      10.19508142877936
                  31300    0.01654850670660873  8.572660813302551e-18      10.19442582003878
                  31400    0.01606696823911503  8.572660813302551e-18      10.19356784633557
                  31500    0.01582432877810036  8.572660813302551e-18      10.19318353955897
                  31600    0.01686421909700492  8.572660813302551e-18       10.1953667104862
                  31700    0.01744370060311959  8.572660813302551e-18      10.19663260523045
                  31800    0.01661526326173246  8.572660813302551e-18      10.19508267016222
                  31900    0.01642634248175402  8.572660813302551e-18      10.19481092388416
                  32000    0.01383442025057167  8.572660813302551e-18      10.18972321573307
                  32100    0.01374520642254642  8.572660813302551e-18       10.1896315836884
                  32200    0.01447366767373011  8.572660813302551e-18      10.19117775767901
                  32300    0.01286079005097038  8.572660813302551e-18      10.18803723816717
                  32400    0.01307448509857497  8.572660813302551e-18      10.18854237782293
                  32500    0.01421760645795651  8.572660813302551e-18      10.19091576827929
                  32600    0.01351907426547282  8.572660813302551e-18       10.1896039771546
                  32700    0.01447237814629495  8.572660813302551e-18      10.19159603749209
                  32800    0.01475300946776893  8.572660813302551e-18      10.19224522559141
                  32900      0.015880066654198  8.572660813302551e-18      10.19459357211422
                  33000    0.01542267475504007  8.572660813302551e-18      10.19377311579497
                  33100    0.01550915824719836  8.572660813302551e-18      10.19403933671528
                  33200     0.0156130079330475  8.572660813302551e-18      10.19433979889788
                  33300    0.01576709883866807  8.572660813302551e-18      10.19474047503658
                  33400    0.01490957394865215  8.572660813302551e-18      10.19311896008739
                  33500    0.01422389172630799  8.572660813302551e-18      10.19183455474962
                  33600    0.01428336600153952  8.572660813302551e-18      10.19203643156057
                  33700    0.01436857752859999  8.572660813302551e-18      10.19229331022388
                  33800     0.0153724575928584  8.572660813302551e-18      10.19439117049699
                  33900    0.01570304589549772  8.572660813302551e-18      10.19514636269412
                  34000    0.01441708916802167  8.572660813302551e-18      10.19266033272345
                  34100    0.01430323894425199  8.572660813302551e-18      10.19251741037008
                  34200    0.01518066385744957  8.572660813302551e-18      10.19436130466028
                  34300    0.01552348473838797  8.572660813302551e-18      10.19513594690247
                  34400    0.01475515768360678  8.572660813302551e-18      10.19368797722522
                  34500    0.01487738146092981  8.572660813302551e-18      10.19401848826436
                  34600    0.01524859726687179  8.572660813302551e-18      10.19484942088288
                  34700     0.0148527583924357  8.572660813302551e-18       10.1941459196616
                  34800    0.01539895645638151  8.572660813302551e-18      10.19532705039899
                  34900    0.01395779164671737  8.572660813302551e-18      10.19252938127937
                  35000    0.01380096351136971  8.572660813302551e-18       10.1922987172146
                  35100    0.01361651858503525  8.572660813302551e-18      10.19200722079243
                  35200    0.01171388831888678  8.572660813302551e-18       10.1882742919596
                  35300    0.01218637245416317  8.572660813302551e-18      10.18928905815135
                  35400    0.01313006231322251  8.572660813302551e-18      10.19124630871381
                  35500    0.01171606525884994  8.572660813302551e-18      10.18848752707194
                  35600     0.0120695163341227  8.572660813302551e-18      10.18926156028529
                  35700    0.01228386922682385  8.572660813302551e-18      10.18975698529637
                  35800    0.01313955101470198  8.572660813302551e-18      10.19153895635148
                  35900    0.01376909031129514  8.572660813302551e-18      10.19287231295196
                  36000    0.01407321651554369  8.572660813302551e-18      10.19355953780338
                  36100    0.01564218782557946  8.572660813302551e-18      10.19677903602606
                  36200    0.01333602865559875  8.572660813302551e-18      10.19224752563126
                  36300    0.01099044591706353  8.572660813302551e-18      10.18762373731278
                  36400    0.01156175040816755  8.572660813302551e-18      10.18882612831627
                  36500    0.01363377826005559  8.572660813302551e-18      10.19303952390872
                  36600    0.01439885903082919  8.572660813302551e-18      10.19464580975885
                  36700    0.01414787654557357  8.572660813302551e-18      10.19422365193697
                  36800    0.01395973327781456  8.572660813302551e-18      10.19392079545131
                  36900    0.01315341736973985  8.572660813302551e-18      10.19238201807538
                  37000    0.01331002961447496  8.572660813302551e-18      10.19276683785917
                  37100    0.01305064739054581  8.572660813302551e-18      10.19231982323379
                  37200    0.01321693581992437  8.572660813302551e-18      10.19272371362378
                  37300    0.01400795979150835  8.572660813302551e-18       10.1943781416966
                  37400    0.01504954678272426  8.572660813302551e-18      10.19653883807562
                  37500    0.01545174355373495  8.572660813302551e-18       10.1974245367234
                  37600    0.01354909564607076  8.572660813302551e-18      10.19369676123305
                  37700    0.01116846752963366  8.572660813302551e-18       10.1890002838983
                  37800    0.01143393713077387  8.572660813302551e-18      10.18959048226605
                  37900    0.01109211442184642  8.572660813302551e-18      10.18896781585382
                  38000    0.01175561850375105  8.572660813302551e-18      10.19035490445856
                  38100    0.01206264053347295  8.572660813302551e-18        10.191034022603
                  38200    0.01343716024328797  8.572660813302551e-18      10.19385029742766
                  38300    0.01348128708778023  8.572660813302551e-18      10.19400985179677
                  38400    0.01294959452513664  8.572660813302551e-18      10.19301610616585
                  38500    0.01289436573187006  8.572660813302551e-18      10.19297280178012
                  38600    0.01251894120980125  8.572660813302551e-18      10.19228824708123
                  38700    0.01349526064046987  8.572660813302551e-18      10.19430913158468
                  38800    0.01327514440376029  8.559108286146482e-18      10.19393746139374
                  38900    0.01369396166815549  8.559108286146482e-18      10.19484460704034
                  39000     0.0133404524272406  8.559108286146482e-18       10.1942061674814
                  39100    0.01335109512975698  8.559108286146482e-18      10.19429749291417
                  39200    0.01254970527689716  8.559108286146482e-18      10.19276191648054
                  39300    0.01175162684227467  8.559108286146482e-18      10.19122704573438
                  39400    0.01131608319579107  8.559108286146482e-18       10.1904157910195
                  39500   0.009739888384910673  8.559108286146482e-18      10.18731526598038
                  39600     0.0103879412771441  8.559108286146482e-18      10.18866277814762
                  39700    0.00931257999635441  8.559108286146482e-18      10.18656193045104
                  39800   0.009896245799611698  8.559108286146482e-18      10.18777826155254
                  39900    0.01034312861443453  8.559108286146482e-18      10.18872153982556
                  40000    0.01107504402434692  8.559108286146482e-18      10.19023883217259
                  40100    0.01061943166096176  8.559108286146482e-18      10.18938221936974
                  40200    0.01055403833794133  8.559108286146482e-18      10.18930330946272
                  40300    0.01113094472015713  8.559108286146482e-18      10.19050931906627
                  40400    0.01227685586849227  8.559108286146482e-18      10.19286012822343
                  40500    0.01167078185381267  8.559108286146482e-18      10.19170743454448
                  40600    0.01279645751939035  8.559108286146482e-18       10.1940181918014
                  40700    0.01291763491199236  8.559108286146482e-18      10.19432349787043
                  40800    0.01319312662006397  8.559108286146482e-18      10.19493883918306
                  40900    0.01254156262762656  8.559108286146482e-18      10.19369776141702
                  41000    0.01094450555576906  8.559108286146482e-18       10.1905601669361
                  41100    0.01048767868032377  8.559108286146482e-18      10.18969926173339
                  41200    0.01080237636310843  8.559108286146482e-18      10.19038018038311
                  41300    0.01123624995970388  8.559108286146482e-18      10.19130174807546
                  41400   0.009941703404228255  8.559108286146482e-18      10.18876551441741
                  41500    0.01038378632436446  8.559108286146482e-18       10.1896972453117
                  41600    0.01094662987303412  8.559108286146482e-18      10.19087432023182
                  41700    0.01065832886649601  8.559108286146482e-18      10.19035035929564
                  41800     0.0116199499452077  8.559108286146482e-18      10.19232563717945
                  41900    0.01152963838506554  8.559108286146482e-18      10.19219926429313
                  42000    0.01260116016633113  8.559108286146482e-18      10.19439944130312
                  42100    0.01211636253813276  8.559108286146482e-18      10.19348802358078
                  42200    0.01319613212330323  8.559108286146482e-18      10.19570772283276
                  42300    0.01267561854393485  8.559108286146482e-18      10.19472673987154
                  42400    0.01360034011986082  8.559108286146482e-18        10.196638999831
                  42500    0.01372519469508853  8.559108286146482e-18      10.19695248561252
                  42600    0.01382666006226233  8.559108286146482e-18      10.19721903357136
                  42700    0.01323239232650894  8.559108286146482e-18      10.19609485873827
                  42800    0.01269602573867776  8.559108286146482e-18      10.19508273682787
                  42900    0.01226805199556043  8.559108286146482e-18      10.19428409439557
                  43000    0.01259829171578942  8.559108286146482e-18      10.19500222054368
                  43100    0.01391617374373205  8.559108286146482e-18      10.19769982660816
                  43200    0.01299926645331393  8.559108286146482e-18      10.19592897450668
                  43300    0.01283129703471528  8.559108286146482e-18      10.19565283446419
                  43400    0.01176306041282927  8.559108286146482e-18      10.19357316916235
                  43500     0.0130011369769167  8.559108286146482e-18      10.19610611132603
                  43600    0.01284777088351379  8.559108286146482e-18      10.19585944212603
                  43700    0.01293534075788274  8.559108286146482e-18       10.1960930802171
                  43800     0.0122791614573928  8.559108286146482e-18       10.1948384441684
                  43900    0.01028734167774255  8.559108286146482e-18      10.19090854855734
                  44000   0.006762776313388875  8.559108286146482e-18      10.18389788530356
                  44100    0.00541464154803877  8.559108286146482e-18      10.18122966922513
                  44200   0.003421052125369705  8.559108286146482e-18      10.17726208123318
                  44300   0.003804989462557652  8.559108286146482e-18      10.17804755252893
                  44400   0.003400751557124345  8.559108286146482e-18      10.17725596054475
                  44500   0.004167393638514389  8.559108286146482e-18      10.17880586088232
                  44600   0.004278935846961453  8.559108286146482e-18      10.17904954325675
                  44700   0.004475347077601168  8.559108286146482e-18       10.1794621405246
                  44800    0.00491158286075869  8.559108286146482e-18      10.18035588920721
                  44900    0.00374953372424958  8.559108286146482e-18      10.17805138134721
                  45000   0.004336655606010273  8.559108286146482e-18      10.17924345696559
                  45100   0.003988708403399263  8.559108286146482e-18      10.17856582658121
                  45200   0.004621314916956971  8.559108286146482e-18      10.17985115449488
                  45300   0.004714687634301459  8.559108286146482e-18       10.1800594133274
                  45400   0.004157501965144974  8.559108286146482e-18      10.17896423376567
                  45500   0.004386004494457903  8.559108286146482e-18      10.17943995694032
                  45600   0.003706842312677259  8.559108286146482e-18       10.1780995194419
                  45700    0.00390337570708954  8.559108286146482e-18      10.17850852807245
                  45800   0.004410177721027629  8.559108286146482e-18       10.1795412734185
                  45900   0.004643790935589308  8.559108286146482e-18      10.18002804723937
                  46000   0.004307167728455543  8.559108286146482e-18      10.17937425357364
                  46100   0.004811852812035269  8.559108286146482e-18      10.18040249749114
                  46200   0.005278811663019057  8.559108286146482e-18      10.18135680331167
                  46300   0.006093675382724022  8.559108286146482e-18      10.18301157042971
                  46400   0.007632523582935901  8.559108286146482e-18      10.18611905053665
                  46500   0.007613982086455802  8.559108286146482e-18      10.18611478634681
                  46600   0.008211509105166067  8.559108286146482e-18      10.18734365550403
                  46700   0.008197102828413676  8.559108286146482e-18      10.18734987260083
                  46800   0.008272019961434679  8.559108286146482e-18      10.18753430447575
                  46900   0.008588794122751049  8.559108286146482e-18      10.18820306186703
                  47000   0.008829061200513683  8.559108286146482e-18      10.18872111430574
                  47100   0.008981373180293085  8.559108286146482e-18      10.18906346177724
                  47200   0.008846385246848753  8.559108286146482e-18      10.18883126309113
                  47300   0.009649694839802742  8.559108286146482e-18      10.19047696615251
                  47400     0.0100025586286734  8.559108286146482e-18      10.19122394459119
                  47500    0.00921235534150977  8.559108286146482e-18      10.18968477212638
                  47600   0.008711021415735681  8.559108286146482e-18      10.18871966120842
                  47700   0.009109982539712397  8.559108286146482e-18      10.18955606285267
                  47800   0.008945644272204376  8.559108286146482e-18      10.18926573442124
                  47900   0.009879508078739978  8.559108286146482e-18      10.19117311524706
                  48000   0.009269405766123276  8.559108286146482e-18      10.18999320554096
                  48100    0.01020464845889086  8.559108286146482e-18      10.19190592328622
                  48200    0.01078249689757864  8.559108286146482e-18      10.19310592865618
                  48300   0.009725952868081327  8.559108286146482e-18      10.19103458859373
                  48400   0.009131492704729495  8.559108286146482e-18      10.18988535579227
                  48500   0.009571476132753266  8.559108286146482e-18      10.19080516553815
                  48600   0.008738429717160082  8.559108286146482e-18      10.18917670500757
                  48700   0.008933542736070874  8.559108286146482e-18       10.1896035552951
                  48800   0.009110987526222969  8.559108286146482e-18      10.18999575418782
                  48900   0.009507399261549278  8.559108286146482e-18      10.19082606263568
                  49000   0.008617841267491542  8.559108286146482e-18      10.18908460764883
                  49100   0.008800215102130662  8.559108286146482e-18       10.1894851805684
                  49200   0.009509017241063058  8.559108286146482e-18      10.19093956811086
                  49300   0.009577946213484763  8.559108286146482e-18      10.19111633435471
                  49400    0.01064302133078487  8.559108286146482e-18      10.19328832881941
                  49500    0.01017614191097809  8.559108286146482e-18      10.19239663250608
                  49600    0.01019899923291072  8.559108286146482e-18      10.19248357407411
                  49700    0.01036674894274877  8.559108286146482e-18      10.19286058203344
                  49800   0.009470411264552146  8.559108286146482e-18      10.19110820197312
                  49900   0.009219602577332998  8.559108286146482e-18      10.19064481190367
                  50000    0.01034489727596648  8.559108286146482e-18      10.19293477871793
#! FIELDS time rct DeltaF_300 DeltaF_600
#! SET print_stride  100
                  50100    0.01094430758278607  8.559108286146482e-18      10.19417683427379
                  50200     0.0105710141444982  8.559108286146482e-18      10.19347356627214
                  50300    0.01122988185345646  8.559108286146482e-18      10.19483528267409
                  50400    0.01157693434161845  8.559108286146482e-18       10.1955760835264
                  50500    0.01242801121744853  8.559108286146482e-18      10.19732666649455
                  50600    0.01231310667997243  8.559108286146482e-18      10.19714570467715
                  50700     0.0132791401486603  8.559108286146482e-18      10.19912705165849
                  50800    0.01363773382415702  8.559108286146482e-18      10.19989775400879
                  50900    0.01339227448690678  8.559108286146482e-18      10.19946045459726
                  51000    0.01344502068133293  8.559108286146482e-18      10.19961777598198
                  51100    0.01498559767784582  8.559108286146482e-18      10.20275488313458
                  51200    0.01477161561573369  8.559108286146482e-18      10.20238563693782
                  51300    0.01431322504420807  8.559108286146482e-18      10.20152573767919
                  51400    0.01495217068195442  8.559108286146482e-18      10.20286027791062
                  51500    0.01406933682519077  8.559108286146482e-18      10.20115198519358
                  51600    0.01429163807964453  8.559108286146482e-18      10.20165103126598
                  51700    0.01438656356441466  8.559108286146482e-18      10.20189703629724
                  51800    0.01409376214201316  8.559108286146482e-18      10.20136682904963
                  51900    0.01447398020662334  8.559108286146482e-18      10.20218338316167
                  52000    0.01507516275243342  8.559108286146482e-18      10.20344230075617
                  52100    0.01514054998040697  8.559108286146482e-18      10.20363247931201
                  52200    0.01604425404378704  8.559108286146482e-18      10.20550030506336
                  52300    0.01673388436697221  8.559108286146482e-18      10.20694209044918
                  52400    0.01599793357053239  8.559108286146482e-18      10.20553281342796
                  52500    0.01608788543997506  8.559108286146482e-18      10.20577423021039
                  52600    0.01580381184635783  8.559108286146482e-18      10.20526596719857
                  52700    0.01506827129372842  8.559108286146482e-18      10.20385446743963
                  52800    0.01504348124543775  8.559108286146482e-18      10.20386143045301
                  52900    0.01485741499235136  8.559108286146482e-18      10.20354600614325
                  53000    0.01577667014206493  8.559108286146482e-18      10.20544274089144
                  53100    0.01404751646923546  8.559108286146482e-18      10.20204105603179
                  53200    0.01302664798139319  8.559108286146482e-18      10.20004995974677
                  53300    0.01270358336473747  8.559108286146482e-18      10.19945153616466
                  53400    0.01201816545259184  8.559108286146482e-18      10.19812655726811
                  53500    0.01238842439740876  8.559108286146482e-18      10.19891264363314
                  53600    0.01310895837175443  8.559108286146482e-18      10.20039992977783
                  53700    0.01290914303842327  8.559108286146482e-18      10.20004933700128
                  53800    0.01304678831808554  8.559108286146482e-18      10.20037309716906
                  53900    0.01353195160754706  8.559108286146482e-18      10.20139270806619
                  54000    0.01389910632841368  8.559108286146482e-18      10.20217903244749
                  54100    0.01355851262080847  8.559108286146482e-18      10.20154953130446
                  54200    0.01368711261138597  8.559108286146482e-18      10.20185719488591
                  54300    0.01359391019762785  8.559108286146482e-18      10.20172029980133
                  54400    0.01303316516236738  8.559108286146482e-18      10.20064750044293
                  54500     0.0132635264027929  8.559108286146482e-18      10.20115749857425
                  54600    0.01333718138894584  8.552332022568448e-18      10.20135450780923
                  54700    0.01315808319960951  8.552332022568448e-18      10.20104419528797
                  54800    0.01307388855515012  8.552332022568448e-18      10.20092418859431
                  54900    0.01282754230997477  8.552332022568448e-18      10.20047966913084
                  55000    0.01344780035725758  8.552332022568448e-18      10.20176785551038
                  55100    0.01280209258895138  8.552332022568448e-18       10.2005242615803
                  55200    0.01266394691663613  8.552332022568448e-18      10.20029466264628
                  55300    0.01370018657783254  8.552332022568448e-18      10.20241415056619
                  55400    0.01394685174351356  8.552332022568448e-18      10.20295727043385
                  55500    0.01392416004844649  8.538779495412379e-18      10.20296247977154
                  55600    0.01453113627910257  8.538779495412379e-18      10.20422776987951
                  55700    0.01486376520927058  8.538779495412379e-18      10.20494570991267
                  55800    0.01468986854052799  8.538779495412379e-18      10.20465084635284
                  55900    0.01519540827426424  8.538779495412379e-18      10.20571583800392
                  56000    0.01608019670982951  8.538779495412379e-18      10.20754106782472
                  56100    0.01634567581124311  8.538779495412379e-18      10.20813008264334
                  56200    0.01654788457065734  8.538779495412379e-18      10.20859312951513
                  56300    0.01747548515421904  8.538779495412379e-18      10.21050816100178
                  56400    0.01815367336654347  8.538779495412379e-18       10.2119280046708
                  56500    0.01861223059362132  8.538779495412379e-18      10.21291038478522
                  56600    0.01761907885521275  8.538779495412379e-18      10.21098840227046
                  56700    0.01712859343998351  8.538779495412379e-18       10.2100682198941
                  56800    0.01665436573687851  8.538779495412379e-18      10.20917986313959
                  56900    0.01712814502242773  8.538779495412379e-18      10.21018639912491
                  57000    0.01728363016573827  8.538779495412379e-18      10.21055752229838
                  57100    0.01733941029801504  8.538779495412379e-18      10.21072992582639
                  57200    0.01719797492417515  8.538779495412379e-18      10.21050720976246
                  57300    0.01736465522301826  8.538779495412379e-18      10.21090070971903
                  57400    0.01724518034221259  8.538779495412379e-18      10.21072160949052
                  57500    0.01673247709289578  8.538779495412379e-18       10.2097552428442
                  57600    0.01613806069784134  8.538779495412379e-18      10.20862412744146
                  57700    0.01564019200196248  8.538779495412379e-18      10.20768340953919
                  57800    0.01514905903354895  8.538779495412379e-18      10.20675466464584
                  57900    0.01456547049344238  8.538779495412379e-18      10.20563942461977
                  58000    0.01504767098198143  8.538779495412379e-18      10.20665538412533
                  58100    0.01539592091336144  8.538779495412379e-18      10.20740422964773
                  58200    0.01561690857662909  8.538779495412379e-18      10.20789836271026
                  58300    0.01574211381490205  8.538779495412379e-18      10.20820251524857
                  58400    0.01492639013346747  8.538779495412379e-18      10.20662367980061
                  58500    0.01622765019467173  8.538779495412379e-18      10.20927972021819
                  58600    0.01623746745332636  8.538779495412379e-18      10.20935467238085
                  58700    0.01607307137681923  8.538779495412379e-18      10.20908175374747
                  58800    0.01595918194943487  8.538779495412379e-18      10.20890814911416
                  58900    0.01634599619220592  8.538779495412379e-18      10.20973690637482
                  59000    0.01680421996960193  8.538779495412379e-18      10.21070912321124
                  59100    0.01682937309712679  8.538779495412379e-18      10.21081647243824
                  59200    0.01835187584255565  8.538779495412379e-18      10.21392002835069
                  59300    0.01870327688418262  8.538779495412379e-18       10.2146859489299
                  59400    0.01816528290872169  8.538779495412379e-18      10.21367256625269
                  59500    0.01857157815028797  8.538779495412379e-18      10.21454774322302
                  59600    0.01769285346898682  8.538779495412379e-18      10.21285106881728
                  59700     0.0172046263166465  8.538779495412379e-18      10.21193278762002
                  59800    0.01761008226620752  8.538779495412379e-18      10.21280146872087
                  59900    0.01758062615257353  8.538779495412379e-18      10.21280082420645
                  60000    0.01721857995103466  8.538779495412379e-18      10.21213442763009
                  60100    0.01774403436423252  8.538779495412379e-18      10.21324406735011
                  60200     0.0175942001441508  8.538779495412379e-18      10.21300354246688
                  60300    0.01792435829437953  8.538779495412379e-18      10.21372215829669
                  60400     0.0177550275653152  8.538779495412379e-18        10.213442707659
                  60500    0.01808659164674608  8.538779495412379e-18      10.21416493654293
                  60600    0.01825475877065431  8.538779495412379e-18      10.21456193517492
                  60700    0.01869687821985043  8.538779495412379e-18      10.21550654724518
                  60800    0.01888344624574586  8.538779495412379e-18      10.21594058832335
                  60900    0.01831692081138592  8.538779495412379e-18      10.21486855803063
                  61000    0.01799059920976936  8.538779495412379e-18      10.21427526838582
                  61100    0.01778785877221253  8.538779495412379e-18      10.21392947389807
                  61200    0.01760942142621396  8.538779495412379e-18      10.21363074452971
                  61300    0.01814521542189305  8.538779495412379e-18      10.21476169317054
                  61400    0.01830383149770198  8.532003231834345e-18      10.21513904533062
                  61500    0.01826800978768446  8.532003231834345e-18      10.21512672114298
                  61600    0.01848903072147472  8.532003231834345e-18      10.21562862335625
                  61700    0.01866601435952127  8.518450704678276e-18      10.21604309011435
                  61800    0.01833383792829293  8.518450704678276e-18      10.21543868036053
                  61900    0.01834469618069961  8.518450704678276e-18      10.21551952846031
                  62000    0.01819241612680375  8.518450704678276e-18      10.21527397414843
                  62100    0.01774473055258106  8.518450704678276e-18      10.21443593310774
                  62200    0.01794394872343539  8.518450704678276e-18      10.21489166885975
                  62300    0.01777495169775601  8.518450704678276e-18      10.21461065366882
                  62400    0.01828537705534723  8.518450704678276e-18      10.21568876591151
                  62500     0.0181146125844078  8.518450704678276e-18      10.21540529811846
                  62600    0.01756527080062743  8.518450704678276e-18      10.21436393802876
                  62700    0.01709500711085221  8.518450704678276e-18      10.21347941978074
                  62800    0.01673205140036169  8.518450704678276e-18      10.21280755021515
                  62900    0.01699397556273051  8.518450704678276e-18      10.21338474785098
                  63000    0.01678007789088823  8.518450704678276e-18      10.21301180179286
                  63100    0.01694874245823206  8.518450704678276e-18      10.21340208920704
                  63200    0.01791676771260908  8.518450704678276e-18      10.21539334839078
                  63300    0.01914859021368239  8.518450704678276e-18      10.21791599680991
                  63400    0.01908596469696602  8.518450704678276e-18      10.21785114146219
                  63500    0.01906548005232747  8.511674441100241e-18      10.21787012125331
                  63600    0.01845333525704505  8.511674441100241e-18      10.21670511173778
                  63700    0.01888680382292301  8.511674441100241e-18      10.21763013321065
                  63800    0.01918395852560394  8.511674441100241e-18      10.21828402241901
                  63900    0.01918368442865444  8.511674441100241e-18       10.2183436571779
                  64000    0.01927784247034002  8.511674441100241e-18      10.21859188944198
                  64100    0.01981431907771204  8.511674441100241e-18      10.21972554033924
                  64200    0.01984770690444914  8.511674441100241e-18      10.21985372981919
                  64300    0.02020506437485751  8.511674441100241e-18      10.22063047435766
                  64400    0.02016604473808908  8.511674441100241e-18      10.22061481583209
                  64500    0.02056063798955286  8.511674441100241e-18      10.22146683105376
                  64600    0.02084402405299054  8.511674441100241e-18      10.22209760439854
                  64700    0.02056658716167705  8.511674441100241e-18      10.22160694521228
                  64800    0.02115245827577106  8.511674441100241e-18        10.222843460149
                  64900    0.02125897702821209  8.511674441100241e-18       10.2231215704267
                  65000    0.02081794766849072  8.511674441100241e-18      10.22230464621961
                  65100    0.02118508764494479  8.511674441100241e-18       10.2231032388566
                  65200    0.02092774443159017  8.511674441100241e-18      10.22265302748668
                  65300    0.02072732252153158  8.511674441100241e-18      10.22231610872137
                  65400    0.02030510856460005  8.511674441100241e-18      10.22153398886332
                  65500    0.02054319873946199  8.511674441100241e-18      10.22207281559761
                  65600    0.02100728631091921  8.511674441100241e-18      10.22306433663131
                  65700    0.02071399663505786  8.511674441100241e-18      10.22254122123052
                  65800     0.0211146422630872  8.511674441100241e-18      10.22340517133684
                  65900    0.02142425079096942  8.511674441100241e-18      10.22408821748856
                  66000    0.02088085320725049  8.511674441100241e-18      10.22306576155608
                  66100    0.02022536995395369  8.511674441100241e-18       10.2218167968294
                  66200    0.01995975077361818  8.511674441100241e-18      10.22134596609403
                  66300    0.02013278059920954  8.511674441100241e-18      10.22175221035466
                  66400    0.02100073971545141  8.511674441100241e-18      10.22355051243129
                  66500    0.02083142705459608  8.511674441100241e-18      10.22327477323471
                  66600    0.02098540130029319  8.511674441100241e-18      10.22364526538424
                  66700     0.0210905764051817  8.511674441100241e-18      10.22391847631566
                  66800    0.02065417475983209  8.511674441100241e-18      10.22310845504485
                  66900    0.02120888850760962  8.511674441100241e-18      10.22427970097115
                  67000     0.0210368359951129  8.511674441100241e-18      10.22399920435747
                  67100    0.02146453215783847  8.511674441100241e-18      10.22491767225471
                  67200     0.0221747157937131  8.511674441100241e-18      10.22640243283338
                  67300    0.02236788483198259  8.511674441100241e-18      10.22685469243432
                  67400    0.02168714909461802  8.511674441100241e-18      10.22555844381042
                  67500    0.02283016219282531  8.511674441100241e-18      10.22790968290589
                  67600    0.02203914985726571  8.511674441100241e-18      10.22639346313306
                  67700    0.02309513121452668  8.511674441100241e-18      10.22857172457392
                  67800    0.02334470159157865  8.511674441100241e-18      10.22913937582448
                  67900    0.02296037568012653  8.511674441100241e-18      10.22843932799664
                  68000    0.02265688425723079  8.511674441100241e-18        10.227899043182
                  68100    0.02266835117327557  8.504898177522207e-18       10.2279885918588
                  68200    0.02267008404980745  8.504898177522207e-18      10.22805787796108
                  68300    0.02173854639878388  8.504898177522207e-18      10.22625945775956
                  68400    0.02148049227511373  8.504898177522207e-18      10.22580697387327
                  68500     0.0220733075598396  8.504898177522207e-18      10.22705561519375
                  68600    0.02126717081671558  8.504898177522207e-18      10.22550634244567
                  68700    0.02125150187000077  8.504898177522207e-18      10.22553645790749
                  68800    0.02131907265637339  8.504898177522207e-18      10.22573333716354
                  68900    0.02174362114386406  8.504898177522207e-18      10.22664544501446
                  69000    0.02168893826887668  8.504898177522207e-18      10.22659899323039
                  69100    0.02154738156809902  8.504898177522207e-18      10.22637831782708
                  69200    0.02146581890127089  8.504898177522207e-18      10.22627759694324
                  69300    0.02157632605895541  8.504898177522207e-18      10.22656040326828
                  69400    0.02131673870597403  8.504898177522207e-18      10.22610282704771
                  69500    0.02090330013594109  8.504898177522207e-18      10.22533696885373
                  69600    0.02130590617243385  8.504898177522207e-18      10.22620242314124
                  69700    0.02167096136263255  8.504898177522207e-18      10.22699410111277
                  69800      0.021891657569486  8.498121913944173e-18      10.22749756934425
                  69900    0.02204762000060572  8.498121913944173e-18      10.22787211466151
                  70000    0.02225236348486297  8.498121913944173e-18      10.22834486889623
                  70100    0.02279725523505137  8.498121913944173e-18      10.22949790878186
                  70200    0.02337774297236442  8.498121913944173e-18       10.2307249871144
                  70300    0.02262456128055896  8.498121913944173e-18      10.22928423827449
                  70400    0.02242972088081092  8.498121913944173e-18       10.2289582192725
                  70500    0.02189335591310841  8.498121913944173e-18      10.22794819607692
                  70600    0.02184869090477703  8.498121913944173e-18      10.22792015244138
                  70700    0.02134497347174452  8.498121913944173e-18      10.22697396586575
                  70800    0.02113854034695539  8.498121913944173e-18      10.22662171836336
                  70900    0.02061822295970927  8.498121913944173e-18      10.22563950124743
                  71000     0.0205066950096553  8.498121913944173e-18      10.22547424035743
                  71100    0.02002282187653362  8.498121913944173e-18      10.22456317728004
                  71200    0.01924577807396494  8.498121913944173e-18        10.223064117885
                  71300    0.01943695343126559  8.498121913944173e-18      10.22350076406328
                  71400    0.01953194314378303  8.498121913944173e-18      10.22374483814098
                  71500    0.01929606670370269  8.498121913944173e-18       10.2233270906562
                  71600    0.01901778047302993  8.498121913944173e-18      10.22282357700933
                  71700    0.01904609557345393  8.498121913944173e-18      10.22293353383324
                  71800    0.01970982455730082  8.498121913944173e-18      10.22431473503717
                  71900    0.02011908386368033  8.491345650366138e-18       10.2251885766457
                  72000    0.01945514832658831  8.491345650366138e-18      10.22391581440918
                  72100    0.01981281719231267  8.491345650366138e-18      10.22468524872181
                  72200    0.02004232201904261  8.491345650366138e-18      10.22519935746771
                  72300    0.02003433430216247  8.491345650366138e-18      10.22523889666974
                  72400    0.01991938837360994  8.491345650366138e-18      10.22506413806511
                  72500    0.01992041874216692  8.491345650366138e-18      10.22512062315346
                  72600    0.01978905795727865  8.491345650366138e-18        10.224912343692
                  72700    0.01951277253140362  8.491345650366138e-18      10.22441320017794
                  72800    0.01929674034437954  8.491345650366138e-18      10.22403429097266
                  72900    0.01947914470397526  8.491345650366138e-18      10.22445213077404
                  73000    0.01977833841756548  8.491345650366138e-18      10.22510443759966
                  73100    0.01918047379502079  8.491345650366138e-18      10.22396256064697
                  73200     0.0183697804677548  8.491345650366138e-18       10.2223923858856
                  73300    0.01789645967166438  8.491345650366138e-18      10.22149552292548
                  73400    0.01746193161192424  8.491345650366138e-18      10.22067479740394
                  73500    0.01750890398642881  8.491345650366138e-18      10.22081623348448
                  73600    0.01737899090746278  8.491345650366138e-18      10.22060325386403
                  73700    0.01756790455457114  8.491345650366138e-18      10.22102876824352
                  73800    0.01793704060337125  8.491345650366138e-18      10.22181535039094
                  73900    0.01785781515587872  8.491345650366138e-18      10.22170541954904
                  74000    0.01799236280567701  8.491345650366138e-18      10.22202231677357
                  74100    0.01785141580708616  8.491345650366138e-18      10.22178884665433
                  74200    0.01793463694860297  8.491345650366138e-18      10.22200360947606
                  74300    0.01774475787836172  8.491345650366138e-18      10.22167179972733
                  74400    0.01714503863338869  8.491345650366138e-18      10.22051923166875
                  74500    0.01706909019413529  8.491345650366138e-18      10.22041353858645
                  74600    0.01702610150225806  8.491345650366138e-18      10.22037336667776
                  74700    0.01664899529216664  8.491345650366138e-18      10.21966432683806
                  74800    0.01615370290966604  8.491345650366138e-18       10.2187174142009
                  74900    0.01570196787083735  8.491345650366138e-18      10.21785687848582
                  75000    0.01577839560355221  8.484569386788104e-18      10.21805197528153
                  75100    0.01625893860817637  8.484569386788104e-18      10.21905542320813
                  75200    0.01588882877853429  8.484569386788104e-18       10.2183581776781
                  75300     0.0158715042795025  8.484569386788104e-18      10.21836575651413
                  75400    0.01573916214097407  8.484569386788104e-18      10.21814286505685
                  75500    0.01599304928027252  8.484569386788104e-18      10.21869289096948
                  75600    0.01568168386261126  8.484569386788104e-18      10.21811180347374
                  75700    0.01609927330764166  8.484569386788104e-18      10.21898891197787
                  75800    0.01630784268658679  8.484569386788104e-18       10.2194489355814
                  75900    0.01702071053045456  8.484569386788104e-18      10.22091803965706
                  76000    0.01652297347608261  8.484569386788104e-18      10.21996670610219
                  76100    0.01643971810031702  8.484569386788104e-18      10.21984338715731
                  76200    0.01672697000556409  8.484569386788104e-18      10.22046118378909
                  76300    0.01633155749375802  8.484569386788104e-18       10.2197138549643
                  76400    0.01622880973750439  8.484569386788104e-18      10.21955113451697
                  76500    0.01618890993952082  8.484569386788104e-18      10.21951362448389
                  76600    0.01635914642101676  8.484569386788104e-18      10.21989617225593
                  76700    0.01576597716497105  8.484569386788104e-18      10.21875184842405
                  76800    0.01598734084560975  8.484569386788104e-18       10.2192354146193
                  76900    0.01592261485652464  8.484569386788104e-18      10.21914715801121
                  77000    0.01584104101030573  8.484569386788104e-18       10.2190254768473
                  77100    0.01672482669853261  8.484569386788104e-18      10.22083539299561
                  77200    0.01677777028110721  8.484569386788104e-18      10.22098450906364
                  77300    0.01664673473057987  8.484569386788104e-18      10.22076545197381
                  77400    0.01681023969694303  8.484569386788104e-18       10.2211358058359
                  77500    0.01691620983265687  8.484569386788104e-18      10.22139107030282
                  77600    0.01757170092962761  8.484569386788104e-18      10.22274643936796
                  77700    0.01772839506285344  8.484569386788104e-18      10.22310516946533
                  77800    0.01805439455465296  8.484569386788104e-18      10.22380306771178
                  77900    0.01830243389998945  8.484569386788104e-18      10.22434630138741
                  78000    0.01795442586045783  8.484569386788104e-18      10.22369685707137
                  78100    0.01866986571174256  8.484569386788104e-18      10.22517470722236
                  78200    0.01839736185422575  8.484569386788104e-18      10.22467746563622
                  78300    0.01871433036326846  8.484569386788104e-18      10.22535800279907
                  78400    0.01863163794660803  8.484569386788104e-18      10.22523998422147
                  78500    0.01889421616983641  8.484569386788104e-18      10.22581293419831
                  78600    0.01854174572349298  8.484569386788104e-18      10.22515544777593
                  78700    0.01876413542717322  8.484569386788104e-18       10.2256474848581
                  78800    0.01880761727147485  8.484569386788104e-18      10.22578190634336
                  78900     0.0189146538396744  8.484569386788104e-18      10.22604352794712
                  79000    0.01878721215406078  8.484569386788104e-18      10.22583671606469
                  79100    0.01942213573510056  8.471016859632035e-18      10.22715474201141
                  79200    0.01982589885039157  8.471016859632035e-18      10.22801191274809
                  79300    0.01911768996967997  8.471016859632035e-18      10.22664478683359
                  79400    0.01906662415210619  8.471016859632035e-18      10.22659112511042
                  79500    0.01959746903366299  8.471016859632035e-18      10.22770126552867
                  79600    0.02014194914440355  8.471016859632035e-18      10.22884033788398
                  79700    0.02055554883426276  8.471016859632035e-18      10.22971821210459
                  79800      0.020409014786023  8.471016859632035e-18      10.22947643894544
                  79900    0.02034295496285404  8.471016859632035e-18      10.22939519091481
                  80000    0.01984407297529986  8.471016859632035e-18      10.22844780636854
                  80100    0.02018867266938014  8.471016859632035e-18      10.22918687543089
                  80200    0.02004312987596565  8.471016859632035e-18      10.22894608961561
                  80300    0.02030561457165511  8.471016859632035e-18      10.22952108671033
                  80400    0.02043705511241597  8.471016859632035e-18      10.22983439942665
                  80500    0.02014115997584192  8.471016859632035e-18      10.22929289009356
                  80600    0.01997515387489701  8.471016859632035e-18      10.22901059625434
                  80700    0.02002337719109444  8.471016859632035e-18      10.22915621569657
                  80800    0.02044934580101477  8.471016859632035e-18      10.23005815005137
                  80900    0.02018795341514418  8.471016859632035e-18      10.22958549686475
                  81000    0.01977286793790986  8.471016859632035e-18      10.22880458594053
                  81100    0.01928853048210595  8.471016859632035e-18      10.22788405167766
                  81200    0.01940209433993827  8.471016859632035e-18      10.22815869282822
                  81300    0.01896449386102111  8.471016859632035e-18       10.2273304329843
                  81400    0.01879382955188599  8.471016859632035e-18      10.22703540497964
                  81500    0.01827216806614016  8.471016859632035e-18      10.22603741113706
                  81600    0.01837213430238133  8.471016859632035e-18      10.22628225230671
                  81700     0.0182679284918552  8.471016859632035e-18      10.22611906682125
                  81800    0.01805925712910415  8.471016859632035e-18      10.22574601230576
                  81900    0.01800125777350508  8.471016859632035e-18      10.22567455430314
                  82000    0.01785166431330106  8.471016859632035e-18      10.22541893741312
                  82100    0.01810055539293657  8.471016859632035e-18      10.22596040661849
                  82200    0.01675913829430188  8.471016859632035e-18      10.22332052426866
                  82300    0.01530170637544118  8.471016859632035e-18      10.22044415430006
                  82400    0.01508581470118038  8.471016859632035e-18      10.22004893658631
                  82500    0.01522633581923185  8.471016859632035e-18       10.2203670441026
                  82600    0.01526519667961973  8.471016859632035e-18      10.22048189036313
                  82700    0.01455116756886266  8.471016859632035e-18      10.21908963740685
                  82800    0.01465330886030899  8.471016859632035e-18      10.21932894538755
                  82900     0.0143764409543081  8.471016859632035e-18      10.21880996602921
                  83000    0.01391707800330927  8.471016859632035e-18      10.21792558038476
                  83100     0.0140903396791159  8.471016859632035e-18      10.21830629008021
                  83200     0.0135773771802372  8.471016859632035e-18      10.21731349859276
                  83300    0.01360722970803872  8.471016859632035e-18      10.21740582742183
                  83400    0.01388663338672888  8.471016859632035e-18      10.21799745569992
                  83500     0.0144677456095543  8.471016859632035e-18       10.2191934712467
                  83600     0.0141942375451426  8.471016859632035e-18      10.21868064026473
                  83700     0.0143308508705156  8.471016859632035e-18      10.21898848100369
                  83800    0.01408611023004208  8.471016859632035e-18      10.21853318444432
                  83900    0.01416769162242888  8.471016859632035e-18      10.21873038162476
                  84000    0.01390814077060589  8.471016859632035e-18      10.21824413455915
                  84100    0.01428108667264212  8.471016859632035e-18      10.21902342262083
                  84200    0.01391834948732075  8.471016859632035e-18      10.21833130079734
                  84300    0.01364848559961027  8.471016859632035e-18       10.2178240770724
                  84400    0.01350735486127941  8.471016859632035e-18      10.21757396990678
                  84500    0.01327192780070742  8.471016859632035e-18       10.2171349106097
                  84600    0.01339177962228962  8.471016859632035e-18      10.21740633171039
                  84700    0.01369608884023254  8.471016859632035e-18      10.21804653715901
                  84800    0.01368769687760076  8.471016859632035e-18      10.21806258802326
                  84900    0.01405669774949524  8.471016859632035e-18      10.21883311425697
                  85000     0.0141073058174701  8.471016859632035e-18      10.21896754709948
                  85100    0.01451233470922624  8.471016859632035e-18      10.21981132696406
                  85200    0.01454552343783373  8.471016859632035e-18      10.21991180810829
                  85300    0.01396041750092282  8.471016859632035e-18      10.21877464354767
                  85400    0.01376749305127869  8.471016859632035e-18       10.2184212254696
                  85500    0.01332023944017405  8.471016859632035e-18      10.21755841812381
                  85600     0.0131556127646691  8.471016859632035e-18      10.21725994823482
                  85700    0.01348624096696209  8.471016859632035e-18      10.21795274734303
                  85800    0.01397494237536298  8.471016859632035e-18      10.21896235532992
                  85900    0.01385603184973039  8.471016859632035e-18      10.21875675400254
                  86000    0.01418346443260175  8.471016859632035e-18      10.21944415940765
                  86100    0.01426849448591962  8.471016859632035e-18      10.21964709030445
                  86200    0.01391667996009112  8.471016859632035e-18      10.21897615495698
                  86300    0.01394969906867028  8.471016859632035e-18      10.21907409568821
                  86400    0.01435804707241129  8.471016859632035e-18      10.21992343638509
                  86500     0.0139369446392715  8.471016859632035e-18      10.21911379878486
                  86600    0.01425506012454154  8.471016859632035e-18       10.2197826212148
                  86700    0.01399275041245675  8.471016859632035e-18      10.21929085709812
                  86800    0.01417121945228676  8.471016859632035e-18      10.21968040628085
                  86900    0.01355634877270512  8.471016859632035e-18      10.21848246537591
                  87000     0.0138132496667142  8.471016859632035e-18      10.21902779384421
                  87100    0.01387039231790152  8.471016859632035e-18      10.21917372816541
                  87200    0.01313965712830048  8.471016859632035e-18       10.2177433341975
                  87300    0.01254294299020231  8.471016859632035e-18      10.21657936474663
                  87400    0.01102288258144848  8.471016859632035e-18      10.21356614344308
                  87500     0.0090842659802895  8.471016859632035e-18      10.20971175436308
                  87600   0.008736952112013779  8.471016859632035e-18      10.20903781697319
                  87700   0.008893313039836407  8.471016859632035e-18      10.20937080623218
                  87800   0.009214614057563051  8.471016859632035e-18      10.21003417304949
                  87900   0.009677289331262801  8.471016859632035e-18      10.21098103741703
                  88000   0.009522683349538206  8.471016859632035e-18      10.21069390369804
                  88100   0.009154162324269046  8.471016859632035e-18      10.20997810837305
                  88200   0.009737448281083238  8.471016859632035e-18       10.2111661955263
                  88300   0.009459195828776336  8.471016859632035e-18      10.21063102518626
                  88400   0.009198468411009077  8.471016859632035e-18      10.21013075006785
                  88500   0.009230683564992195  8.471016859632035e-18      10.21021606128789
                  88600   0.009794542751207561  8.471016859632035e-18      10.21136533238393
                  88700    0.00979653426097243  8.471016859632035e-18      10.21139149641427
                  88800   0.009840732937460564  8.471016859632035e-18      10.21150177738641
                  88900   0.009634283645185241  8.471016859632035e-18      10.21111103839052
                  89000   0.009691759936576456  8.471016859632035e-18      10.21124781636943
                  89100   0.009658078240529283  8.471016859632035e-18      10.21120225911133
                  89200   0.008916458847028221  8.471016859632035e-18      10.20973956062898
                  89300   0.009120604082225712  8.471016859632035e-18      10.21016826171823
                  89400   0.009109171637573396  8.471016859632035e-18      10.21016578841278
                  89500   0.009926986304118307  8.471016859632035e-18      10.21182289880182
                  89600   0.009591708625872036  8.471016859632035e-18      10.21117420240092
                  89700   0.009801655748384151  8.471016859632035e-18      10.21161556578955
                  89800   0.009598977116966801  8.471016859632035e-18      10.21123162457278
                  89900   0.009339018687776876  8.471016859632035e-18      10.21073275306629
                  90000   0.009203615981731299  8.471016859632035e-18      10.21048259672184
                  90100   0.009278526832733501  8.471016859632035e-18      10.21065287217544
                  90200   0.009515677595153257  8.471016859632035e-18      10.21114767013848
                  90300   0.008962533457174631  8.471016859632035e-18      10.21006228927673
                  90400   0.007528234887489166  8.471016859632035e-18      10.20721183729714
                  90500   0.006457904310911955  8.471016859632035e-18      10.20508677969244
                  90600    0.00535673057547355  8.471016859632035e-18      10.20289765031822
                  90700    0.00414109345711401  8.471016859632035e-18      10.20047712248334
                  90800   0.003915780395961398  8.471016859632035e-18      10.20003515128897
                  90900    0.00363668573767852  8.471016859632035e-18      10.19948548542723
                  91000   0.003421760966698153  8.471016859632035e-18      10.19906345659788
                  91100    0.00330670162338415  8.471016859632035e-18      10.19884092714684
                  91200   0.003314748235288225  8.471016859632035e-18      10.19886432021655
                  91300   0.003811275121037353  8.471016859632035e-18      10.19986513846536
                  91400   0.004234762318384479  8.471016859632035e-18      10.20072102869701
                  91500   0.003747847465733973  8.471016859632035e-18      10.19975600271632
                  91600   0.003792109131993485  8.471016859632035e-18      10.19985244894256
                  91700    0.00420282961721082  8.471016859632035e-18      10.20068259759465
                  91800   0.003798698689673158  8.471016859632035e-18      10.19988292522128
                  91900   0.003944619595744095  8.471016859632035e-18      10.20018308066217
                  92000   0.003873866518097342  8.471016859632035e-18      10.20005012011059
                  92100   0.003767222217800408  8.471016859632035e-18      10.19984506054057
                  92200   0.003839838815548936  8.471016859632035e-18      10.19999835575585
                  92300   0.003798172783477734  8.471016859632035e-18      10.19992323341899
                  92400   0.003837877295558915  8.471016859632035e-18      10.20001103525105
                  92500   0.003946597341615472  8.471016859632035e-18      10.20023670520394
                  92600   0.004002527205930903  8.471016859632035e-18      10.20035720558714
                  92700   0.003654134446825204  8.471016859632035e-18      10.19966852802034
                  92800   0.003276164771226236  8.471016859632035e-18       10.1989197918107
                  92900    0.00346955511631697  8.471016859632035e-18      10.19931370521409
                  93000   0.003438745249035592  8.471016859632035e-18      10.19925933697008
                  93100   0.003924161518180759  8.471016859632035e-18      10.20023827607476
                  93200   0.003128713139057049  8.471016859632035e-18      10.19865482443533
                  93300   0.003238603922244137  8.471016859632035e-18      10.19888181470856
                  93400    0.00337518757260412  8.471016859632035e-18       10.1991622046764
                  93500   0.003123307398183778  8.471016859632035e-18      10.19866562806022
                  93600   0.003438864315898616  8.471016859632035e-18      10.19930382638519
                  93700   0.003892475507568238  8.471016859632035e-18      10.20021901312716
                  93800   0.003729777329321873  8.471016859632035e-18      10.19990184296245
                  93900    0.00364696485719843  8.471016859632035e-18       10.1997439929164
                  94000   0.003746693464262145  8.471016859632035e-18      10.19995142205705
                  94100   0.003853503167805224  8.471016859632035e-18       10.2001732098282
                  94200   0.003782836748568606  8.471016859632035e-18      10.20004003206167
                  94300   0.003814803057641824  8.471016859632035e-18      10.20011174938254
                  94400   0.003821304884611437  8.471016859632035e-18      10.20013301098555
                  94500   0.003699469346624345  8.471016859632035e-18      10.19989776807542
                  94600   0.002357515756740106  8.471016859632035e-18      10.19722039655637
                  94700    0.00117267918474711  8.471016859632035e-18      10.19485419686475
                  94800   0.001270114307490214  8.471016859632035e-18      10.19505145451548
                  94900   0.001171791207034113  8.471016859632035e-18      10.19485739703776
                  95000   0.001544827101845675  8.471016859632035e-18      10.19560642391154
                  95100   0.001703263756754634  8.471016859632035e-18      10.19592661174954
                  95200   0.001701403087621874  8.471016859632035e-18      10.19592644636445
                  95300   0.001530183647540881  8.471016859632035e-18      10.19558730232855
                  95400   0.001556465282754555  8.471016859632035e-18      10.19564315466688
                  95500   0.001443495854294388  8.471016859632035e-18      10.19542047499345
                  95600   0.001521558795327225  8.471016859632035e-18      10.19557989983409
                  95700   0.001363472658317343  8.471016859632035e-18      10.19526636922328
                  95800  0.0007285300592139168  8.471016859632035e-18      10.19399862064353
                  95900  0.0002754650710916756  8.471016859632035e-18      10.19309361408568
                  96000  0.0006146973396094963  8.467628727843018e-18      10.19377302387921
                  96100    0.00101247697477818  8.467628727843018e-18      10.19457023281822
                  96200  0.0008512557260846763  8.467628727843018e-18      10.19424965192976
                  96300  0.0009859664270095939  8.467628727843018e-18      10.19452108095564
                  96400    0.00157720731480487  8.467628727843018e-18      10.19570604663121
                  96500   0.001662888354092508  8.467628727843018e-18      10.19588096433359
                  96600   0.001415213297731439  8.467628727843018e-18      10.19538882794771
                  96700   0.001166120600123861  8.467628727843018e-18      10.19489365609574
                  96800  0.0007822838852207272  8.467628727843018e-18      10.19412794530557
                  96900   0.001654223484776156  8.467628727843018e-18      10.19587430873117
                  97000   0.001696060930090576  8.467628727843018e-18      10.19596125298982
                  97100   0.001735959998214455  8.467628727843018e-18      10.19604445606626
                  97200   0.001590917744010706  8.467628727843018e-18      10.19575801657091
                  97300   0.001401568496671388  8.467628727843018e-18      10.19538222566994
                  97400   0.001417162013575198  8.467628727843018e-18       10.1954163792492
                  97500   0.001512254488886676  8.467628727843018e-18      10.19560979804767
                  97600   0.001629674193519539  8.467628727843018e-18      10.19584789850955
                  97700   0.001410151407080183  8.467628727843018e-18      10.19541241547011
                  97800  0.0009307499124780164  8.467628727843018e-18      10.19445599618335
                  97900   0.001399468495773354  8.467628727843018e-18      10.19539606900648
                  98000  0.0009351722649938616  8.467628727843018e-18       10.1944698238536
                  98100   0.001188679587546538  8.467628727843018e-18      10.19497914488979
                  98200    0.00170973248570073  8.467628727843018e-18      10.19602432555771
                  98300   0.001695108194457863  8.467628727843018e-18      10.19599872678451
                  98400   0.002071696185058224  8.467628727843018e-18       10.1967558226336
                  98500   0.001877454596052412  8.467628727843018e-18      10.19637136050569
                  98600   0.001634920477070493  8.467628727843018e-18      10.19588984948505
                  98700   0.001000582945842493  8.467628727843018e-18      10.19462378485008
                  98800  0.0004512397423442687  8.467628727843018e-18       10.1935264621349
                  98900  0.0002686751705615798  8.467628727843018e-18      10.19316204818338
                  99000  0.0002723960833013685  8.467628727843018e-18      10.19316985623968
                  99100   0.000420182849521252  8.467628727843018e-18      10.19346626799996
                  99200  0.0009280606782808519  8.467628727843018e-18      10.19448316432716
                  99300  0.0009347180693648937  8.467628727843018e-18       10.1944982656541
                  99400  0.0007809910873778397  8.467628727843018e-18       10.1941927235003
                  99500  0.0008884302276558152  8.467628727843018e-18      10.19440941180297
                  99600  0.0007018590887228628  8.467628727843018e-18      10.19403792093805
                  99700   0.000813888512477614  8.467628727843018e-18      10.19426346004147
                  99800  0.0007091986169904377  8.467628727843018e-18      10.19405547073481
                  99900  0.0007527361519245501  8.467628727843018e-18      10.19414397587997
                 100000  0.0009226830434855259  8.467628727843018e-18      10.19448548235522
