#! FIELDS time psi sigma_psi height
#! SET action OPES_METAD_state
#! SET biasfactor       16.03631422818644
#! SET epsilon   3.735422218159802e-08
#! SET kernel_cutoff       5.848558777694301
#! SET compression_threshold                       1
#! SET zed     0.08028922461640731
#! SET sum_weights       4924379.025833086
#! SET sum_weights2       9486173.478169445
#! SET counter  5000000
#! SET min_psi -pi
#! SET max_psi pi
                5000000      2.728656983109579    0.01375640746726881       1364470.45205107
                5000000      1.400923951717641    0.01388566075649874      544071.3006602627
                5000000    -0.4192278360193434    0.01701467910464771      288771.7052754433
                5000000     0.5477454679159981    0.01382979568132528      315640.8766551082
                5000000     -1.810439353503863    0.01611558450439458      4944.182658120196
                5000000      1.184880161355968     0.0139125997098462      787849.3718188575
                5000000      2.268548649227963    0.01411321197253376      546274.7422097526
                5000000     -3.094007393912993     0.0137298660357566      177385.2988017241
                5000000      1.689970564317297    0.01373545072471194      256922.0370178872
                5000000      -2.69888100018814    0.01401463821121888      3175.756725888497
                5000000     -2.005231010654867    0.01681865490466899      1633.222120120852
                5000000     0.1722156357782911    0.01497630767488457      103507.2752407778
                5000000     -1.168061922947492    0.01684460030395671      230043.7750760305
                5000000      -2.50962653828917    0.01568433756609642      596.9910635928192
                5000000    -0.2000261899371793    0.01639080616786369      139809.8285513856
                5000000      1.004875770305917    0.01394392535047627      879000.8800977281
                5000000      2.850138663445967    0.01368717217199686      1064120.082284772
                5000000      2.141859931034869    0.01383014420856875      356532.6331593055
                5000000     0.7647626017480299    0.01378956932194945      573067.8926675586
                5000000    -0.8285987853963114    0.01642433418067545      426064.1099316095
                5000000      2.012704233763088     0.0137222254690328      255264.4160816103
                5000000     -1.508195184593549    0.01689307543009241      36629.12573384989
                5000000      1.541076613903313    0.01380513710602404      371216.8534267322
                5000000     0.4233474226009458    0.01433612670037025      215846.2108883971
                5000000    -0.5543612612808826     0.0169523290485028      376609.1753671371
                5000000      2.389827324081215    0.01347592968695116      685456.5111616283
                5000000      2.512331118048898    0.01377178124983585      1146296.632547538
                5000000      2.970448160817568    0.01355545351135399       779313.577825993
                5000000   -0.03286555463825207    0.01555122157980503       91933.2960464815
                5000000      1.832581347871269    0.01385657778975328      235298.6731779418
                5000000    -0.7484204019065962    0.01697102236942045      479359.0112712305
                5000000     -1.331287652345901    0.01654555908120411      104702.5032995899
                5000000    -0.3342311875258901    0.01682615734456722      225939.3716100224
                5000000      2.618304544081032    0.01332963876331505      1244775.067850374
                5000000     0.8807909199649961    0.01367490168014096      807843.5222744381
                5000000    0.07479902863629681    0.01487907647841473       88938.6240380591
                5000000     -1.070614006739832    0.01677305011347672      327665.3717429804
                5000000     -1.426044095672288    0.01650886955336656      59333.15545108578
                5000000     -1.713977656813437    0.01662488575354656      9162.304824160259
                5000000    -0.9694401171827469    0.01691369004049926      401089.3259945976
                5000000     -2.372233060736132    0.01574717252073167       404.066217002812
                5000000     -2.167460010039488     0.0164550148220596      752.3735641355644
                5000000     -1.916903103778987    0.01712990199552584      2837.651994259862
                5000000     -0.642718875551069     0.0171255916694569      464772.5471038145
                5000000     -1.615860778059462      0.016562126699678      17919.81341329194
                5000000     -2.270885786130167    0.01670259033805821      556.3729252782756
                5000000     -1.249119744788362    0.01634866297319698      150101.4134492574
                5000000    -0.1166503585720866     0.0159613174648058      108193.5755691001
                5000000     -2.084649211122407     0.0160715238797389      1021.669879510755
                5000000     0.2969193968295951    0.01394873865249241      137421.0650677805
                5000000     -2.599206799620907    0.01400108954500281      1081.005919525174
                5000000     -2.794253848472321    0.01343253377942439      8454.524534826322
                5000000     -2.891821475240246    0.01342483358477597      25468.91437752769
                5000000     0.6554161959858774    0.01370484505037285      467668.2012088983
                5000000    -0.8988677702536373    0.01536557844213341      365241.1451069092
                5000000    -0.2696834249413291    0.01502186074820563      157219.3158148373
                5000000    -0.4859726099847648    0.01503679432007449       281940.767484765
                5000000     -2.438264726472823    0.01446021340624515      392.6797758650015
                5000000     0.3497195655350745    0.01375417586996843      152603.0170827191
                5000000     -2.940659832689938    0.01332362056808729       42080.1443665281
                5000000     0.2354595130151687    0.01381969153358057       103666.866131163
                5000000      3.114549706479462    0.01325535326789994      280889.7089797274
                5000000      3.071132073710248    0.01331337313257322      396506.1795177207
                5000000     -1.860706717847071    0.01406317384110757      2995.951050089499
                5000000     -1.561005081032263    0.01426822643849104       21239.7921681594
                5000000    -0.6964177276053171    0.01417897079665175      366791.9761741675
                5000000    0.02074897836751917    0.01355240481449757      73672.70236734679
                5000000     -2.217001943364421    0.01367674635286502      475.8083172097116
                5000000     -2.322779961649537    0.01368987770715306      351.6338639943636
                5000000     -1.019339313664035    0.01384997928063947      279162.7938897118
                5000000     -1.762530192180884    0.01341706087886598      4964.111189578893
                5000000     0.5985484410524976    0.01354408618576811      375880.4989924992
                5000000      -2.74510432801787    0.01331660057885614      4843.145466670953
                5000000     -1.379204756957429    0.01330323642083759      56790.70346870846
                5000000     -1.119746800235484     0.0134210560512112      199417.6651504101
                5000000     0.4778168145910965    0.01381108272965467      252820.7082997901
                5000000     -1.667578006470328     0.0132197191959324      8756.242832751319
                5000000     0.1237563967571893    0.01286413463110967      70169.80865443397
                5000000      1.295759282071672    0.01341109605421867      642771.9504033258
                5000000     -2.991324906020571     0.0133679373622775      69527.90974144667
                5000000      1.917082127797306    0.01330173372251844       216413.864840059
                5000000      1.099834671841929    0.01294892962011117      745216.8696185084
                5000000      1.488231105295405    0.01348773624404397      400113.9957936288
                5000000     0.9340027205523099    0.01355314392404661      798492.2382776818
                5000000      2.460400430955372    0.01361740558599312      952144.8860490049
                5000000      1.774296403269912    0.01356887875166638      224169.9977772159
                5000000      2.915222627350733    0.01376279889258152      985987.7608248901
                5000000      1.638454283141512     0.0134751395763381      282816.4477250561
                5000000     0.7024090720613623    0.01360260373668213      534139.6373583876
                5000000      3.023517331391359    0.01333692025880479      563827.4146666905
                5000000      1.346242962667105     0.0135114306126895      611185.9458005301
                5000000      2.073134019928562    0.01362209627826496      287592.3365318741
                5000000      2.192713133774884     0.0134328778606213      389833.8889678326
                5000000      1.247319268445849     0.0135543291274804       730458.578960789
                5000000      2.321818910896933    0.01380562263040384      636404.2200193522
                5000000      2.779388988156669    0.01357122531857822      1311697.116077298
                5000000     0.8268085986879385    0.01341381100594803       687463.178714368
                5000000     -2.839087454666352    0.01339154744441705      13923.06141565902
                5000000      2.569232439781274    0.01352504383284314      1276019.782814493
                5000000      2.663542769899183    0.01363183552295134      1447620.312267331
                5000000     -3.042459251866235    0.01331001196295709      113143.8545529412
                5000000      1.965519034220666    0.01329842601732747      228596.8517554986
                5000000       1.05479921526118    0.01312712325163705      804589.9282028822
                5000000      1.142319339900491    0.01302988701989538      727498.7353374707
                5000000      1.587334506409496    0.01328074482250959      300226.6666770719
                5000000      1.879554470644485    0.01323587881065028      200727.1746633174
                5000000     -2.648213725815914    0.01300204909174052        1623.6454998942
                5000000       1.44591591631231    0.01313914493058782       406384.597909007
                5000000      1.732173083673232    0.01299019096042267      204328.9201307795
                5000000     -2.558487364494955    0.01288097304270477      638.8974734020526
                5000000      2.813693642941362    0.01296645411497996      1050517.091487246
                5000000     -3.132179220489395    0.01267354960948538      188554.0132228092
                5000000   -0.07361666435223919    0.01266715393651217      67073.12940602406
                5000000        2.2334459152273     0.0130028471051514      406381.7781526041
                5000000      2.426269878341037    0.01280820742301443      711714.0642460702
                5000000       2.35363316803121    0.01292601159741825      603913.1159430478
                5000000      2.107053078530198    0.01289444449665496      268850.7012182396
                5000000     0.9690132419847172     0.0128590348312264        680457.65810878
                5000000     0.5095450616200288    0.01304892470475256      243055.6206066439
                5000000      2.691725718833201    0.01298205314142968      1289077.188151534
                5000000      2.885783298007267     0.0128236286572894      935969.9470937449
                5000000     0.7303578446284056    0.01290399707836086      511829.2436575193
                5000000     0.3879824822509251    0.01284276386869689      144518.3299676758
                5000000     0.7958847104516358    0.01279715888285639      543231.1256909714
                5000000      1.218345330943357    0.01294428322421617      698599.6145716833
                5000000      2.044083744748621    0.01283085037719824      244579.0418883697
                5000000     0.2669154006424529    0.01270105265601337      98419.82466739626
                5000000      1.803157034125138    0.01264768180605978      203807.4186047441
                5000000    -0.1587153583332609     0.0123855166481405      78507.02144592338
                5000000     0.6275815324559514    0.01266679138355071      374814.5675041324
                5000000      2.541209737191802    0.01256433080110043      1032291.749986324
                5000000     0.8533036765370476    0.01230254860808539      639287.4575859564
                5000000      2.943836914046075    0.01228885675347937      716323.4530250364
                5000000      2.997234052769895    0.01222510598683142      570258.1459528317
                5000000     0.2048954411225538    0.01244098230734531       76514.6107362515
                5000000     -2.865509142688212    0.01220866092640005      16518.47309298874
                5000000      1.373339176992033    0.01237735334299096      495640.0690540481
                5000000     0.9077504522936235    0.01222226637017687      670109.6383187863
                5000000     -1.962728257027254    0.01230333277340623      1257.649658173499
                5000000     -0.596531584794839    0.01241656484614772      250047.1519282631
                5000000     -2.124558386338407    0.01210821280226879      545.0420481506397
                5000000     -1.289620129256583     0.0121966213141193      78385.36774122034
                5000000     -2.046444048866101    0.01223076557032472      799.4377904918961
                5000000    -0.3767581151419637    0.01222290396676594       150090.085569289
                5000000     -1.209998990949438    0.01218778605904474       112316.095057338
                5000000    -0.7910162011482351    0.01220824560102095      273678.9838383052
                5000000     -2.472429246563467    0.01227420288651948      321.1032225877469
                5000000     -1.466484164250431    0.01206869998775509      26686.28615774822
                5000000    -0.2383455464279017      0.012124952432836      97466.02819595084
                5000000    -0.9321171347766116    0.01199203246605213      239292.5092910249
                5000000    -0.8662137739983553    0.01191794639157966      248034.7734320633
                5000000     -2.409894651871948    0.01225323566359369      285.1130277020692
                5000000    -0.5169045587360168    0.01186900463326636      198644.3580531017
                5000000    -0.4544392297782643    0.01187029826216219      176773.9893460174
                5000000    -0.3014324869504138    0.01183914054638141       115808.025109903
                5000000     -1.886585049194338     0.0112784369132183      1771.222682646754
                5000000    0.04688807361852409    0.01183704073672681      58589.64227614762
                5000000     -1.587159774144946    0.01112780383594188      11435.71948298195
                5000000     -2.241723191324699    0.01112151272099941      307.1838763161504
                5000000  -0.005105026272424627    0.01161307392241294      56807.33920850213
                5000000     -1.643869810809887    0.01088510109349502      7223.722327288154
                5000000    -0.6716511258323888    0.01081360756817026      218196.6990768527
                5000000     -1.042948948086951    0.01065482170443511      163967.9298197191
                5000000    -0.7208862510794091    0.01056136438991983      205875.9533364908
                5000000      -3.01684407378384     0.0119530507269952       72446.8306337063
                5000000      1.514398830202789    0.01219340278623178      325307.1426327442
                5000000      1.612643543745435     0.0119806158327043      243835.4498713532
                5000000     -2.965947448117051    0.01193446218465801       44015.2646574134
                5000000     -3.068273961362771    0.01203409465441187      117547.2454668409
                5000000      1.664192685194358    0.01198233949981041      221555.2579057034
                5000000     0.3237169730801375    0.01202494972551931      113040.5874548245
                5000000      2.485940010768438     0.0119508338019945      838714.9648151939
                5000000     -2.672914723335626    0.01185477438363751      1796.451291694113
                5000000     0.4508447754617785    0.01216128715736569       186771.924282406
                5000000     -2.624087582253587    0.01166618021401043      1019.763382764725
                5000000      2.753968337769277    0.01195721426069113      1094788.548027691
                5000000      2.167679639590172    0.01193474571550183      301903.8535424308
                5000000      1.030504647992705    0.01181172955313679      672921.4314344424
                5000000       1.32055997790029    0.01181455467310799      483678.3373911245
                5000000      1.941120182258493    0.01176108740258398      177207.3056228324
                5000000      2.295429420149701    0.01199257162555349      475849.8361785003
                5000000     -2.769672274639317    0.01179242414735603      5081.824888171011
                5000000      2.594313796943242    0.01169457487487771      971344.8776536646
                5000000     0.5731238394145374    0.01182630128685236      264577.8530559631
                5000000     -2.916278757150636    0.01161952799996241      23854.02062498116
                5000000     0.1012933655285599    0.01133452277110215      53831.24543112065
                5000000      1.077761925867926     0.0114221563423367      594209.3977206626
                5000000       3.04758070562918    0.01157146567977481      354499.3968477474
                5000000     -2.299255781667749    0.01070447640610218      228.0462232379766
                5000000      1.271772773181761    0.01152688944567751      498297.1099841309
                5000000     -2.536127421266158    0.01133007850570525      427.9027905127355
                5000000     0.1465746320331895    0.01137154850387763       57787.2121077548
                5000000      1.988830583128194    0.01139888843355071       171673.516706437
                5000000      1.856954344191629    0.01139053446137926      152205.2193116561
                5000000      1.121213385589026     0.0111088506040669      527883.4969667348
                5000000     -2.346224502270454     0.0107163187632111      206.9979250110839
                5000000      1.564502099948655    0.01123212421857856      218051.7188693616
                5000000      3.093165098235765    0.01110429931976375      230502.7683221367
                5000000     -2.722597130615881    0.01116712623602089      2512.156383772402
                5000000      1.424328588179604    0.01114226211470779      299010.9981999317
                5000000      2.640280421792672    0.01107995055262411      827672.6876251257
                5000000     0.6788519052492905    0.01120429247414464      294418.6793085835
                5000000      -2.81670757791778    0.01109736732879607      6876.013517898657
                5000000      1.162850299423793    0.01094960932469295      469822.1917196559
                5000000      1.711901358581031    0.01085461514134971      140463.1916152181
                5000000      1.752601174810493     0.0108846257396215      134712.5891344121
                5000000       1.46636888729788    0.01087888538580535      241731.8657919317
                5000000      2.213641610308865    0.01072952942511759      229158.4687760813
                5000000     -3.114442207012928    0.01050613345628467      99807.46590997055
                5000000      3.133289573808817    0.01042244893737788      126441.5496380297
                5000000     -2.578165200355982    0.01045562289105439       424.947237935246
                5000000      2.408420555537597    0.01035290956986197      365277.5905223793
                5000000     0.3698041810823405    0.01039854595774531       70125.7030752749
                5000000      1.898107574589396    0.01030372608144678      94750.04733625185
                5000000      2.831498274545466    0.01029911690700663      497365.3567686138
                5000000      2.371732926197896    0.01024997502861005      297600.6366558413
                5000000     0.5281621116777478    0.01029961858016712      118917.8192062732
                5000000      2.868143797762975    0.01013914607300767      406545.4331999464
                5000000      2.709959152808914    0.01011889022461892      519845.5171987589
                5000000     0.9523444672191449    0.01003707639034065      293083.7909883187
                5000000     0.9857565917261901    0.01008190175224605      299256.8237429495
                5000000   -0.09313949282542576    0.01020843733133902      40106.30453209241
                5000000     -1.836650959889712    0.01044849040086496      1866.505128955906
                5000000    -0.1396213325960723    0.01011007709375549      45587.66934149639
                5000000      2.797038316667134   0.009890577884170094      396881.2959404393
                5000000      2.442522821190898   0.009896440717609358      284131.8956915236
                5000000      2.123675813860096    0.00989231529018875      100715.9574792578
                5000000      -2.19403545920067    0.01044311929186492       305.455270911259
                5000000      0.404956658751277   0.009885106016921616      56184.91489120241
                5000000       2.09050188741326   0.009833737701835878      89283.99433125135
                5000000   -0.05509339703425118    0.01003259398743761      32931.12058657248
                5000000     0.7477200208135374   0.009812263753256193      163365.7289649864
                5000000      2.250361670810347   0.009834548668004804      140222.8331299817
                5000000     -2.489231233860465   0.009841846830810115      151.3804040617923
                5000000      1.202095461222308   0.009649278776856455      186586.8547818598
                5000000     -1.740325757235257    0.01037840443950851      3414.273058883667
                5000000     -1.535919294214889    0.01057773924127813      13786.10636806965
                5000000     -1.097378086071789    0.01037265245043733      125649.1484102649
                5000000     -1.784569598312935    0.01031696126260775      2502.437241068904
                5000000    -0.9960486659250706    0.01041553769239449      164777.9391527148
                5000000     -1.357303332328575    0.01034860845500209      38534.05690559295
                5000000     0.7806471462625323   0.009510827948825698      128814.5995089548
                5000000     -1.141999336590175    0.01034401468331306      107357.9344112409
                5000000     -0.177363131050345    0.01000576405055811      45745.67599058977
                5000000     -1.400711015296377    0.01027662807676179      29034.35671657771
                5000000     -1.688720266099143     0.0102030575810632      4314.566296685284
                5000000    -0.6162075046196269    0.01022287475952172      161142.1168051683
                5000000     -2.143109821237813    0.01006011502934519      315.2096070864546
                5000000     -1.943159730513865    0.01013143418050002      887.9176479632365
                5000000    -0.3582677138045828    0.01001887966312546      82851.56323197142
                5000000    -0.3954874891526227    0.01002620893550227      93181.21992195524
                5000000     -1.981586056969155    0.01001148242120684      643.7130062266758
                5000000      0.810973514101855   0.009419593521100075      117199.6562651208
                5000000     0.2518077673882622   0.009467247068407774      20416.87233062671
                5000000      2.338125227939419   0.009441830800659985      114854.1698586283
                5000000     -1.307830253368757   0.009974035816247343      40256.95753148294
                5000000     -1.192130947937118    0.00994573333004125      67303.18865182047
                5000000    -0.7727908973654637   0.009972079575854885      153918.8463373515
                5000000     -1.271456820857954   0.009923168012801331      48405.96730406241
                5000000     -0.577965698761164   0.009983199069813821      129826.9484757439
                5000000     -2.106323215564368   0.009915773295621322      322.4365945801486
                5000000     -1.484336778323198   0.009945199620429949      13440.94685263682
                5000000     -2.028244132291702   0.009913279952126961      461.4113782727443
                5000000     -1.449065832333955   0.009885309841406478      15996.64358986149
                5000000      -1.22724465203348   0.009826991472139101       51928.4168384064
                5000000    -0.2213739984948974   0.009780077635711098      42299.45293543233
                5000000     -2.456829826579296   0.009602639316514157      98.52726573158114
                5000000     -2.392710575928888   0.009690729275844485      103.2239133534832
                5000000     -2.063606337448773   0.009753986934309426      343.3982117733106
                5000000    -0.8497095639328311   0.009720796896024919      120264.8675008338
                5000000     -0.808017234716756   0.009715524876242538      115203.3769557029
                5000000     -0.532999616409773   0.009673534088702404      90148.47665578389
                5000000      2.029043793929122   0.009406845995642524       45107.1319341065
                5000000     0.2194440450920022   0.009398901630901053      18062.91116118763
                5000000     0.1901084147556947   0.009436736087181569      16952.84995041622
                5000000     0.4940385720819622   0.009362896768909156      38382.64732608842
                5000000    -0.9481416648408241   0.009636628275512343      87984.80684027119
                5000000    -0.9172036548674549   0.009531558713227979      79750.90111060029
                5000000    -0.8810746872320954   0.009503017078237785      75259.24000309565
                5000000    -0.4392322692964281   0.009556036822585323       51053.0171820099
                5000000    -0.2869956689094408   0.009451205940987898      27671.76938730784
                5000000    -0.4690046980454464   0.009443443414076982      45233.75980183444
                5000000    -0.2530019426501873   0.009397191332603564      21417.70984879074
                5000000    -0.5024895468298747    0.00942359743527175      42403.14483735994
                5000000    -0.3159302806897515   0.009401845725262165      22079.73285177727
                5000000     -1.899481693872872   0.009299548922143604      40.36443587142634
                5000000     0.2815422969791642   0.009142215481227171      10912.44273328823
                5000000      2.058251134160917   0.009083381949488807      23768.59644651671
                5000000      2.900236088300066   0.009093209231125008      80040.19332834393
                5000000      1.789314909806438   0.009085073655939444      17411.39570391886
                5000000      1.817568332720713   0.009083390945640596      15932.19297883799
                5000000      2.929913852186449    0.00906269182902535      60397.25610832783
                5000000     0.6135767665590057   0.009010080652223159      22514.64951294356
                5000000      2.527046822536701   0.009028677172091692      61171.23783415387
                5000000      1.232563086786564   0.009022899517773056      41693.16055342628
                5000000      2.554596983074239   0.008967022191577049      38414.81501116922
                5000000      2.283065001867139   0.008309305752091638      27.34078451871358
                5000000      0.895230973050186   0.008309253162564759      38.06647326346825
