#! FIELDS time deep.node-0 sigma_deep.node-0 height
#! SET action OPES_METAD_state
#! SET biasfactor       12.02723567113983
#! SET epsilon   2.008906066054403e-06
#! SET kernel_cutoff       5.122093366933648
#! SET compression_threshold                       1
#! SET zed      0.0337276714629121
#! SET sum_weights       32281.12650615219
#! SET sum_weights2       391292.7470631631
#! SET counter  17341
              17340.022    -0.7310001593510361   0.008616415936539879      16690.29851861898
              17340.022    -0.8020429829469959   0.009007310947018539       11465.5568602947
              17340.022    -0.5764693307528429   0.009127914704783528      59.55238187578195
              17340.022    -0.7497645322540726   0.008734211625045033      19572.25186599696
              17340.022    -0.8790054229742612   0.008077339432323033      271.5409964148738
              17340.022    -0.9482135915540784   0.008666120297091479      6.339317443668489
              17340.022    -0.5976265813595695    0.00903392417573661      97.62166278370545
              17340.022     -0.654406810646361   0.008691684036683411      850.4796125736871
              17340.022    -0.4644867717472176   0.008616351884109447      3.116718327109677
              17340.022    -0.7824450758134469   0.009068033603043962      24094.36872718427
              17340.022    -0.3269135725881206   0.009059735102461313     0.2859355321384356
              17340.022    -0.3857578302654833   0.008530005226024902     0.6953126764719797
              17340.022    -0.5181553839778434   0.009114017690171236      12.21959537214877
              17340.022    -0.2206245032683685    0.00874682420457658    0.05089070032611021
              17340.022    -0.2656608456825879   0.008996968837240498     0.1031161039978493
              17340.022     -0.155483841212754   0.008595134521208211    0.01458662407168691
              17340.022    -0.2879508228209161   0.009044655275940531     0.1594673063866288
              17340.022   -0.08351225518653388   0.008282493830448257   0.005104988342838936
              17340.022     0.8374747529604634   0.009233908942372259      437.4923487791793
              17340.022     0.9016702291021754   0.009058876195755747      1369.988783540683
              17340.022     0.8147702838416108   0.008868243566500357      192.7291020227331
              17340.022     0.6937313487736094    0.00881619666383014      8.737481363208774
              17340.022     0.6548190597374898   0.009125244006846231       3.07188210256212
              17340.022     0.5650421948176544   0.009162785558846904     0.6187631207247204
              17340.022     0.7802523746621451    0.00841843907699602      68.74944506026401
              17340.022     0.5844974604055413   0.008307244721800965      1.105510875439907
              17340.022     0.4879357430683854   0.008668690372850181     0.1475230614479906
              17340.022     0.7199803956041065   0.008900624859702734      14.99692453906462
              17340.022     0.8559266865719257    0.00823106880320894      419.6094293166032
              17340.022     0.3628574660585452   0.009265749647514794    0.02536501619596017
              17340.022     0.9820840440896211   0.007693123058855477      7.286916849320428
              17340.022     0.2331130600978522   0.008746019050753952   0.004906422639469461
              17340.022     0.4102503736388743   0.008723283373721377    0.04411655872401053
              17340.022      0.937081093113697   0.008597570571021201      638.6805539401959
              17340.022     -1.035156466257267   0.008335005375507685    0.03727557178398302
              17340.022    -0.8242817363129039   0.008928700999555884      3683.466469488829
              17340.022     -0.431505895131997   0.008811861091470483      1.992346340176316
              17340.022      -1.09333713159762   0.007953038612124236  0.0009359033463867647
              17340.022     0.1762848572890761   0.008320331008874459   0.002893912041532153
              17340.022    -0.6931206468431306   0.009053282850792956      5098.075426725666
              17340.022    -0.8529218055179013   0.008641057133646679       887.626123504821
              17340.022    -0.9327146165494457   0.008104770743605634       14.9744008507228
              17340.022    -0.2018070351426894   0.009186248418478933    0.03258852181310398
              17340.022     -1.005443949381673   0.008423676002600371      0.192919495684333
              17340.022     0.2081193737941058   0.008591485352469111   0.002648087699341598
              17340.022     0.6285592945551737   0.008479567624343425      1.952382570435299
              17340.022     0.2817359819625454   0.008743748994759475   0.006358550984882238
              17340.022     0.4635685075330405   0.008693678652980558    0.09557845429775229
              17340.022     0.5185653010225615   0.008478338465196239     0.3329011748069542
              17340.022   -0.06776512391028845   0.007952606846960654   0.004184709981009026
              17340.022   0.008991744153223324   0.007748290059268311   0.001999169441761125
              17340.022     0.8822361851957417   0.008746600991892726      1011.973603409066
              17340.022     -1.078587302181299     0.0078662922305709   0.001992625171838897
              17340.022    -0.5391041887316184   0.008697510379514755       21.8691622198079
              17340.022    -0.3443925894784184    0.00850602108234315     0.4095929130711624
              17340.022     0.9193257341507016   0.008540918755026895      1269.364170247956
              17340.022    -0.6173170411606119    0.00884767903394924       225.206504489467
              17340.022    -0.4008791692244673   0.008182734327860597     0.8231796734068184
              17340.022    -0.3658959932795796   0.008113583310296289     0.5401732234762215
              17340.022    -0.9054709223127551   0.008233239586604281      64.40550898649259
              17340.022   -0.04216783293913751   0.008630639067856492   0.003495536025704067
              17340.022     0.7603673123447245   0.009201854819599559      48.49967438378795
              17340.022    -0.1269703566215073   0.008334168635894212     0.0101573963756143
              17340.022    0.06253261537433717   0.008192617402206823   0.001474916490037864
              17340.022     0.3203930257296621   0.008003399274561699   0.009975798178021297
              17340.022    -0.4922558103642871   0.008370181828929598      5.498433435314734
              17340.022      0.953800550235757   0.008114976309295327      188.5471169922443
              17340.022     0.2622003204943849   0.008239925114612615   0.005301206500656757
              17340.022     0.3368337167017871   0.008132424378029657   0.008912252104970977
              17340.022     0.6769520023720732   0.008287402381770333      5.008250908998225
              17340.022    -0.1716800792463508   0.008573087471810008    0.01555239382249452
              17340.022     0.1064293367881702   0.008378820414361089   0.001234225227672853
              17340.022     0.3808960647369426   0.008636547406050927     0.0240174929729446
              17340.022     0.4282825784700532   0.008968122996380041    0.06702103713328852
              17340.022     0.1474549430193215   0.007747098400609101   0.001121390583911427
              17340.022      0.543916939809442   0.008784425088188837     0.4843665217749452
              17340.022    -0.7107678488800971   0.008151173406934668      8270.640509880557
              17340.022     -0.987941005011666     0.0083640951289435     0.5446219592999429
              17340.022     0.3047514172973546   0.008362408689502634   0.009401321014588748
              17340.022   -0.01991685878877925    0.00807082743269397   0.002689347724299051
              17340.022    0.04511916771560424   0.008559365817353868   0.001742303094915123
              17340.022     0.7963148471738988   0.008169917091250808       98.9627361991143
              17340.022    -0.1104712567979804   0.007989464745393107   0.007220177933830424
              17340.022    0.02339317722294451   0.007811880881591886   0.001817089213862861
              17340.022     0.9682018453569843   0.007450496912575677      50.19379763177891
              17340.022    -0.6733453130704137   0.008310993864625358      2111.818185884998
              17340.022     0.6127157310146298    0.00787771888707218        1.2592453187333
              17340.022    -0.2386402127324335    0.00799705046987261     0.0423663026432337
              17340.022    -0.9703552444417092   0.008376874135209883      1.594434390798085
              17340.022     0.7372765154176086   0.008246142407598843      20.32698999046029
              17340.022     -0.636394771461808   0.008096505602784845      367.0408762778093
              17340.022     0.1215372331317732   0.008244799609774119    0.00117903709490032
              17340.022     -1.063513201335355   0.007579778369981845   0.005423182571570736
              17340.022    -0.3086051666142108   0.008492491074181208     0.1853941704804057
              17340.022     0.0913709217119157   0.007536090162761543   0.001727724838267157
              17340.022    -0.5579567764015113   0.008478001565091502      26.65952577535403
              17340.022     -1.113445377019998   0.007287368152635874   0.000326098684115253
              17340.022     0.4468090026549234   0.008154568774853046    0.06849407531145432
              17340.022    -0.4784644986834418    0.00749110724727347      3.188101134563704
              17340.022    0.07714511912064052   0.007500457530492428   0.001694420657593279
              17340.022    -0.4483222163083384   0.007897027587220783      1.967596042231538
              17340.022      1.009999866918128   0.007388812557837948    0.09092362993396602
              17340.022     0.1926568656277733   0.007659751735611253   0.002302940895577042
              17340.022    -0.7650480446136302   0.007845833463913841       18185.0808891086
              17340.022    -0.4159954017261929    0.00781435041400202     0.9246059426811184
              17340.022     0.2465994583866792   0.007335950175146738   0.003105140730197264
              17340.022     -1.140177578800491   0.008299311500870812  0.0001361859906390555
              17340.022    -0.0548608592837194   0.007490732535726879   0.002608892014314856
              17340.022     0.5027152481277339   0.007483479484552271     0.1305783204473527
              17340.022     0.9950843005886175   0.007257109861738034      1.070845444120812
              17340.022      0.135198137698552   0.006830732522719481   0.001118967657343374
              17340.022     -1.050364164377341   0.007539139890681637    0.01326706690701354
              17340.022    -0.0957866242111035   0.007108710963070248   0.005790108041079129
              17340.022     -0.891889531599746   0.007051574989249006      88.94017791764001
              17340.022     -1.126649707956923   0.007183139387319912  0.0001785133762906395
              17340.022    -0.2511199227173334   0.007084187000712137    0.04720169645153896
              17340.022     0.5984539769582556   0.007007394266674779     0.5991191035524244
              17340.022  -0.004922086924554746   0.007289375760913346   0.002111217872680701
              17340.022     0.1612361090178227   0.006954601843589325   0.001622948812755765
              17340.022    -0.1407663666721641    0.00726520056805905   0.008133914103802835
              17340.022     -1.020521956213343   0.007493391047148706    0.05661751030604946
              17340.022    -0.9187708850446221   0.006948000234630948      18.98185347565068
              17340.022    -0.1867046390478977   0.007248447415679103    0.01766125844768361
              17340.022    -0.8388565727023346   0.006938990830292653      1330.579652661982
              17340.022    -0.8659863790988006   0.006737167990176113      365.7513593119675
              17340.022     0.3960643537249836    0.00708637324480295    0.02419815784964175
              17340.022      1.020925356130074    0.00700781361832756   0.009446210840730464
              17340.022      -1.15337386284765   0.006573827534580272  7.230589564533218e-05
              17340.022     0.8677147224791519   0.006957077139579011       361.805872680762
              17340.022     0.2226574010712836   0.006605456007058669   0.001306208494587772
              17340.022     0.6422532126991943    0.00691333896424177      1.193989492560696
              17340.022     -1.102076544995817   0.006284850753098693  0.0003777209678414739
              17340.022     0.7057300947895114   0.006697406114690883       4.36202068402021
              17340.022     0.4757873099336979   0.006755519677973293    0.05294274227034244
              17340.022      0.349208386899888    0.00676929539170294   0.005944122869940099
              17340.022   -0.03220181957558983   0.006456934168434167  0.0009170883812545722
              17340.022    -0.5042931459011564   0.006589189514898936       2.95305889228429
              17340.022     0.5313943727401661   0.006478114076066146     0.1082138366049955
              17340.022     0.2943518724738024   0.006293499153270759    0.00201092411836209
              17340.022     0.6662790418865616   0.006236977637175609     0.9809252920901941
              17340.022     0.7480021942088695   0.006103335604758296      6.812531616249146
              17340.022      1.032508321626576   0.006119116704654239  0.0003851665682972132
              17340.022    -0.8127714234175657   0.006259033578652154      2060.221640532144
              17340.022     -0.960770963058535   0.006136295078624561      0.767146509149654
              17340.022     0.8254812878277575   0.006106647422266192       39.6993984223462
              17340.022     0.0334649405571196   0.005833943052819014  0.0003520942134115057
              17340.022    -0.3558651561644279   0.006228832245857538    0.06134256370714107
              17340.022    -0.7203546357721164   0.006114100130785938      1296.221657324732
              17340.022    -0.5283498609527169   0.005995993494266039      1.474440718545962
              17340.022    -0.2774178609387349   0.005982669521396073    0.01772107988588718
              17340.022     0.2717588738186998   0.005748228081913387  0.0005464942389908946
              17340.022      1.042858025104527   0.005669141328881315   5.76670657822077e-05
              17340.022    -0.5479418788295174   0.005602768954739423      1.254380730577378
              17340.022    -0.2988814276388562   0.005710322520455326    0.00625370725827532
              17340.022     -1.164782285690308   0.005575632137589404  2.699865970736136e-05
              17340.022    -0.6263975695744224   0.005738564636995208      5.828182368442503
              17340.022    -0.5860688280739033   0.005611266415656659       2.08124499232841
              17340.022     0.8921011013282033   0.005638328156059222      16.50468700721163
              17340.022    -0.3761263077960923   0.005553785239217824   0.009709737545972954
              17340.022     0.5542676448822021   0.005474992277388294   0.004325212019018399
              17340.022    -0.6446153521537781   0.005470621556001237      2.960780390804775
